+375299284901
+375299862936
+375292079672
+375336589659
+375296711297
+375447504867
+375333297533
+375293129055
+375445845842
+375333533206
+375299973190
+375298367514
+375336605464
+375297538155
+375444822623
+375292234760
+375256527780
+375336659383
+375259765919
+375295339508
+375256344439
+375295640051
+375136661349
+375299096768
+375445305677
+375333330976
+375333725986
+375336414475
+375291305059
+375291153950
+375295311538
+370962064488
+375336487006
+375445504574
+375336432543
+375257420895
+375256347107
+375291211815
+375291553393
+375298972410
+375444958040
+375291610554
+375292624351
+375299343524
+375333627620
+375295512409
+375445751866
+375292801891
+375298164704
+375333509283
+375444950150
+375445565813
+375336569616
+375295211422
+375291221042
+375445703994
+375297574425
+375257882710
+375298471980
+375255409106
+375445629723
+375291300895
+375445433839
+375297519103
+375333093595
+375256061273
+375297563284
+375296361378
+375299995135
+375445722045
+375298777940
+375296878766
+375447639164
+375336856920
+375291879095
+375257057704
+375299548629
+375257651207
+375447910519
+375256863420
+375447632276
+375291207828
+375290000000
+375298531574
+375296439215
+375441283900
+375298248211
+375255013306
+375291456898
+375293035052
+375298096447
+375292762697
+375296792753
+375259187463
+375292694689
+375298040025
+375259015332
+373356485510
+375447777777
+375333287549
+375256634548
+375337356576
+375297847685
+375291051379
+375336431019
+375336363689
+375336851656
+375447459290
+375336917270
+375257635832
+375292969192
+375333188659
+375296612966
+375297979468
+375333277495
+375447738296
+375293104648
+375297784614
+375447881844
+375298870855
+375295871845
+375295252131
+375444813620
+375445588865
+375298194863
+375291305943
+375336709988
+375333304417
+375299037620
+375442659855
+375259060219
+375257849112
+375292885022
+375447561214
+375291955196
+375295526649
+375296751528
+375295356090
+375295780852
+375295219830
+375336078970
+375256672019
+375293094865
+375299765618
+375295945035
+375336255712
+375447578667
+375298721841
+375259719461
+375255129345
+375298402726
+375259649173
+375292149096
+375333007989
+375447679277
+375291216619
+375295560209
+375299545633
+375295578397
+375298982496
+375292395000
+375259820156
+375333085334
+375293220296
+375299594314
+375297251989
+375296017847
+375259955967
+375292222962
+375295095480
+375296045354
+375296226525
+375293630807
+375298322538
+375447446567
+375298084689
+375298137865
+375295443788
+375445573952
+375292525195
+375293240564
+375259830499
+375295075216
+375256979597
+375445429298
+375298777304
+375333248921
+375291857139
+375291328815
+375447783067
+375336046511
+375298034022
+375298903529
+375293698186
+375259424518
+375292711616
+375336346153
+375291544612
+375297867854
+375333296360
+375333020401
+375299350425
+375297623090
+375295026960
+375292549942
+375256790893
+375293038172
+375298469615
+375336107136
+375336412810
+375291112234
+375336699854
+375291918493
+375257122446
+375297462732
+375297038829
+375293995554
+375333840587
+375447609180
+375447135175
+375336140102
+375292110383
+375447365870
+375292853746
+375336239674
+375298202533
+375291540770
+375256801438
+375257557781
+375293721988
+375447045082
+375292308084
+375295606950
+375299411335
+375444848547
+375259105802
+375291839790
+375447255787
+375298969802
+375445784294
+375291701478
+375293534536
+375297666657
+375336355445
+375299379992
+373060532989
+375297438889
+375291630904
+375292400004
+375447550026
+375336436604
+375297302266
+375257517582
+375445428402
+375447488221
+375298618953
+375298616695
+375295957246
+375298234873
+375255463946
+375333505222
+375295145762
+375445433694
+375259192449
+375296246860
+375336216978
+375257507025
+375297216382
+375292892240
+375297751482
+375256133932
+375447332930
+375257461284
+375298775571
+375259484802
+375291034962
+375336732495
+375259985681
+375293203458
+375447010200
+375298515481
+375447034451
+375293445661
+375336409600
+375292926968
+375292368065
+375259672261
+375295120950
+375292022656
+375256560033
+375259651096
+375333408018
+375256207832
+375257381357
+375297348063
+375255349244
+375291357359
+375257058397
+375298197892
+375298657583
+372292169593
+375295415757
+375293455397
+375299323245
+375299657699
+375292020288
+375293622434
+375297655375
+375297741812
+375333633898
+375291725848
+375291109999
+375293657734
+375447441311
+375256490407
+375333209973
+375259339495
+375336854947
+375295502158
+375445733005
+375336939993
+375293282737
+375336400436
+375256758700
+375291343227
+375299428976
+375333250033
+375292086319
+375291467920
+375297773040
+375295162545
+375445449074
+375336322021
+375295082462
+375297657158
+375336658313
+375295466715
+375445589262
+375447605473
+375298111488
+375292511151
+375336938808
+375293913293
+375291661005
+375259499587
+375297227066
+375295020983
+375297556844
+375445404760
+375336084917
+375333958764
+375445813043
