89373714310
89506416738
+79312571136
89216923528
+79516517307
89174339714
+79089028434
+79049999999
89267777777
89225555555
89513715189
89376000008
89686117639
89068543402
89806526924
+79500988611
89608354338
79194110828
89852298850
+79253595322
89816749301
89615729906
+79535234578
89874949854
89000270859
89296090545
89062263608
+79182115557
89833621850
+79253595322
89273420101
89157936356
+79123456789
89276868058
89046780346
+79171424777
+79821483392
+79289087290
89518627883
79656220673
89600104697
89224716111
89197668497
79065683330
89133459999
89037350132
89522888204
89236693321
79060995218
+79149393937
89222887171
+79175974191
+79511391185
+79137703152
89676583830
89586268884
89621691774
+79122846333
89685255751
79253595322
89035717124
89172548594
89633546644
+79635466666
+79198847683
89272644575
+79650919079
89006610203
+79648736636
89183101543
89175668709
89253628183
+79180104433
89607620809
89002785699
89178872053
89622699355
+79681842383
89095428254
+79019043090
+79651594806
89507323730
89284095180
79105437037
89807375357
+79650968662
89889239838
89501661298
+79516611684
89999999999
+79094416225
89124961551
+79616909148
89168888888
89057235216
89009186660
89177812388
89511955371
+79613227809
89501913769
89284230305
79281342939
89091155845
+79642235863
89228118371
89053618317
+79521307801
89674317145
89091780352
89193337623
89818396587
+79613327909
89148777986
+79618742402
79500077085
89195181008
896XXXXXX61
+79186580348
+79641285541
+79312289839
89500000776
+79278476077
89326078029
+79063489548
89059516693
+79025068732
89858745081
+79092044859
+79611511881
+79512953673
89005367115
+79876543210
+79533866475
89163508686
+79530433280
79886042908
89516728142
89686116984
+79051708323
89888924467
+79515500860
79094190443
+79116075942
89199873777
89835385960
89095666388
+79104575097
89227771675
89823913024
89093168062
89080734142
89281237384
+79157707847
89521112126
89328494111
89528596355
89856763442
79216178212
89165499082
+79037654409
89375658742
89045919771
89027989603
89260931033
89090981301
+79536034515
89535418888
89649512345
89160382576
89684769735
+79383342575
89872100339
79567890111
89181024747
89520569983
89212154709
+79834145116
89021288111
89662871655
+79222800038
+79522956347
89898989899
89378292464
89586297103
89281702452
89112392679
89166742749
89514788584
89191476051
89062236467
89293230568
89235479558
89161278572
+79106023498
89207080846
89061397916
89169519888
89674850299
89226277358
89518265879
89004570424
+79816851730
+79215437213
79512011718
+79062918448
+79255193106
+79534035264
+79523599268
79519829007
+79019043090
89165297431
+79043084802
89046170097
89124224569
79169180406
79177811150
79295959785
89004329174
89308677700
+79377772921
89131817050
89064183998
89028544141
89087939352
89265209154
89503346127
89050056496
+79137985609
+79069078929
+79151985157
8908XXXXXXX
79127768389
89374756199
79108644092
89169267187
+79220650099
89225509304
+79068963001
89282080902
+79257257733
79438376702
89517308775
89045388188
+79522882101
79042572357
89050289047
+79194799000
89524922326
89374567987
+79151176087
89000004567
89265555555
89304052670
+79644586928
89601973494
+79817382176
+79093892118
89378713275
+79130011636
89525896529
79654897547
89204169427
+79245132100
89611149796
89175097464
+79539609901
89252298609
+79967439097
89269571918
89246607648
89216597707
89500212531
89854404747
89213550182
89539423166
89871245950
89118913964
+79030478411
89139091741
89200935515
89323031358
+79191879968
+79216564777
89537427753
79041739295
+79219543911
89003894503
89885796836
89196681857
+79121247682
79091332730
89096666666
+79104748800
89062556172
89524043620
89167082611
89687654321
+79254495461
+79019043090
79190743568
79627096342
89600391632
+79270869906
89246549407
89649051249
+79040904541
89048691262
89371213775
89533820488
+79186027341
+79126059483
+79195392524
+79319019906
+79284474394
89324375985
89204619922
79267566148
+79146611154
89197031136
89257206072
+79276726023
89613048287
+79138842517
89605848561
+79043205334
79812583256
89123972421
+79034778603
89102898343
89827072526
+79051234567
89098646503
89269164731
89162172570
89688828372
89153507415
89504780928
89097508105
+79257638325
89613434043
+79205655557
89128988215
89156201078
+79041763101
89284354752
89258594299
+79678792038
+79052110003
89121748684
89203075568
+79502596552
+79253686917
89040871325
89058238851
79184439118
89143436309
89085874305
79826677477
89274054049
89833899735
89083072963
+79653592473
+79212402181
89511755649
89826325380
+79600451985
89619311012
89090936974
+79081577716
+79202737158
+79242169373
89506462503
+79273849406
+79639424444
+79607345155
+79067777777
89888929514
89635702504
89051811821
79268642743
+79833281403
79199265375
+79088081088
89031659081
89202027707
89150300756
+79531788438
89096055475
89048542154
89655424093
89237905450
79670328809
+79019043090
89204481065
89521931832
89524213821
89170567791
+79027957973
89095994057
+79205982605
89206121016
89086637428
89877241586
+79805369875
+79126848476
89617285181
+79176784687
8968XXXXXXX
89612612737
89611463220
89062204509
89063841804
79155655565
89627689189
89533007540
89086693561
79538899317
+79019043090
89140056996
89675462345
+79525650401
+79384262171
+79512530333
79858924760
+79022868911
89897695976
89102130398
+79649864409
89216534017
89684664245
89517222364
89137967765
89102310512
89511357626
89115460883
89628319083
+79825383085
89266104954
+79217119099
89520875771
89640156976
89380001147
89880890105
+79034764410
89042357906
+79009976567
+79189251753
89154972009
89105907210
+79176229746
79278864261
+79034505389
+79277482224
89998886666
89252801048
+79688922800
89269988891
+79531213782
89023303376
89851850536
89652584563
+79600075757
89653564801
+79375269292
89116351871
89108545047
89163035560
89636636182
89659492680
+79516730414
89266521500
+79117387981
79092007374
+79260316222
+79645596176
89053300051
89292457277
+79096829784
+79871162721
89223840329
+79155439018
89604689834
89169684842
+79671862161
895366XXX01
89535193213
+79539068364
79067608831
89613241112
79828880588
+79637404777
89281539299
89081704877
89146644299
89515058909
89500228791
89173789777
79135780883
89539054356
89114823747
79217840037
+79133365552
89377468935
89628662899
+79044568000
89204429649
89207149233
89002042003
89154381452
+79148240433
89601077882
89153559584
89140783684
89606011431
89236486034
+79159753050
+79005789086
89811428823
79297536768
79161817793
89505279775
89526870774
79259749868
+79000115228
+79036536870
89644808318
89811642463
89268471323
89518322369
+79172793032
89518662399
89501542353
+79036498316
+79536647216
79378474852
89271291433
+79378719801
+79114815169
+79272157281
89122692625
89885568846
79853071631
89189379992
+79223765107
89205828386
+79261562977
89609214161
89050206386
+79019043090
+79253595322
89273190580
89134943799
89878341926
+79039292775
89628435588
89102761573
+79818889523
+79100022258
89851002406
89128640959
89088594936
89876522161
89634105188
89227856740
+79150303609
89185160981
89649705002
89923055864
89056532881
+79055631543
89167943203
89049101042
79095581215
89656575810
89228558701
89653051697
+79056345960
89684742169
89524058017
89536219430
89872547434
89308148593
89058840822
89883462768
+79149480331
89065489865
89202298257
89647320710
+79192714914
89139868995
89097277949
89005243353
89043810122
89208722076
+79518192870
+79687516577
89047553356
89639194399
89168752704
+79516154838
79537837961
+79519909710
+79177034217
79532772048
89101245809
+79242605720
79264497002
89277254818
89160775113
89518091765
89039871913
89508460896
79312482808
89501620545
89527050156
89463862493
+79019043090
79251131575
89630603323
89268959824
89040596842
89681507965
89191354420
89061253712
+79656194180
89632029333
+79535343540
+79099926631
89854766457
89211052159
89510885831
89536212309
89277004710
89827099802
+79067694444
89097875626
+79180926925
89169592616
89251604130
89160209040
+79035490739
89517878295
89273944766
89619251890
89149605516
+79217772951
+79274686877
+79083120520
89834223453
89255132710
89649588647
89507722048
+79155339968
+79087427940
89065086182
89154123092
+79109690709
89187933417
89157133418
89683896922
89045334425
+79002224430
89172965480
+79159578518
89821923621
89517971543
+79277860123
89610505356
+79500346450
89518716725
89531387501
89253916081
89087871462
89126377710
79095190522
89607644447
89161166202
89173919106
+79515334258
+79637443744
89045884119
89113766201
+79037817922
89641640231
+79516659701
89096272630
89374567111
89516634915
89887090406
89275604649
+79098965936
89039521685
89533606659
89206525301
+79150415751
+79124611498
+79045999957
+79211387717
89131263222
89856456485
+79065965786
89201468825
89627822694
89161627631
+79147603704
+79601321951
89501940232
+79214818886
79939379992
+79043706511
79806234911
89056426913
89058833453
89539456480
+79871523474
+79019043090
89886059698
+79296691879
89237151471
89158401231
89120708979
89086857222
89207352710
+79283863880
89139100915
89162120977
79085852988
89052281488
79308437767
89106654114
89539165467
89005341630
+79818294166
89504090163
+79814471178
+79046103969
+79128147344
89121444948
89051989264
89628538181
+79853549962
89109889333
89894607337
+79532461203
89105774203
+79106889898
89151345104
89225563588
+79130006747
89629637403
+79009080564
89121131750
89671972217
89534717321
89241824981
+79523894924
+79259977261
+79062642508
+79637524560
89153353506
89062549182
+79606207977
+79876800458
89002671442
89606263551
89028992811
89203456789
+79519953709
+79096665498
+79851960327
89033762105
+79112672333
+79215376040
89526565286
+79175935973
89536858873
89510716446
+79533694459
89197632476
89260555912
89611338577
+79253595322
89824330781
+79187523527
79615516160
+79269763440
89203771369
89194430520
89000000000
89051159536
89085288027
89628167776
89510849357
+79142984824
89113804024
+79507607574
89090010691
+79042039740
89503245173
89602148448
79875590418
89000000000
89217309805
+79219341590
79113002066
89027969318
79127888052
+79100000000
+79316015271
+79048669599
89289110527
89111023098
89159341832
89112891123
89615382861
89686555798
89263407736
+79876330595
89112653756
89144172311
89320000911
89227938080
89163560639
79091055776
+79509857886
89100075445
89513124585
89537595149
89087410345
89539128104
89286612146
+79111388911
89172309955
89244449069
+79046848070
89275568740
79137912543
+79651816797
89173198679
89277165868
+79241827224
89205740852
+79019043090
89515799734
89832976653
89166798331
89630085485
89529167003
+79272241318
89674743797
89080688542
89525498124
+79033508939
89645126217
89185903571
89162691257
79201255389
89115126894
89039597268
89137054122
+79534571201
89222133742
+79246670896
89501400514
89207155921
+79407797517
89228219162
89645946841
89091342035
89044400395
89288503214
89251316969
89171810160
89002039010
89646874969
89520197773
89246095305
89658893604
89883339383
79452106803
89056533357
89511035102
89053578925
89043956792
89116993194
89648988098
89881360293
+79141924219
89146349376
+79212877445
89506168887
+79218540879
+79652194067
89130575267
89530470944
89817020272
+79516425230
+79672405725
89099748966
89529899125
89248455056
89534313990
89193209948
89026483178
+79114862543
89044523049
89606124930
89536967990
89159981306
89041064720
+79882408687
89055976690
89279836907
+79096671298
89823350836
89518667293
+79299299229
89038553852
89061676440
+79670385099
89832440021
89177645092
89312433049
89531251278
89141372544
79128758599
89878125273
89611613592
89090722621
89617610665
89115068399
+79515171798
+79885776634
89139490831
+79015236588
+79146572911
89523476589
+79096469163
89535444644
+79889008900
79523169685
89123497292
+79192148724
+79200474545
+79250578510
89535119084
89191330028
89823097970
+79807545697
89030231748
89092691755
+79205243339
79127640192
89278580525
89057540321
89616376168
89228878345
+79522818451
89152356133
89535049425
79374877509
89277718890
+79653216515
89624364836
89520899352
89527314534
89041093346
+79147739026
89274448308
+79030123986
+79067349895
+79216419320
89520202767
89123259778
89673513159
89181092099
89525425731
89876082439
89155527173
+79679752477
+79278490952
89209582612
89878737656
+79185356076
+79185095976
+79950084384
89889946063
89871409620
+79535944120
89173624420
89003522547
+79111203089
89144209862
89511785632
+79257333506
89643391873
89649144696
+79031413265
+79180779419
89532543084
89105424227
89279844335
89299173689
+79099514526
+79253595322
89518832894
89251955186
89242892427
89082830755
89263565606
89024786675
89197640730
79270197468
+79536104168
89600187247
89539264005
89520685164
89135628217
+79050328699
89656639806
89082455129
+79520561981
+79312347036
+79200728504
79518023747
89624863921
+79215265551
89051560620
+79192444336
89532263511
89532854627
+79308447251
89251004133
89111631617
89629582995
89517887693
+79535278841
+79832020262
+79254628104
89041064720
+79503893008
89036262022
89620402903
89185264266
+79245722555
89111577752
89823456783
89196090098
89649215040
+79035819348
89620227234
+79250709487
89614928930
+79281816677
79877130250
89251995490
89519567767
+79127407777
89134960588
79301080038
89095590088
+79527329547
+79506318412
+79263277100
89601660917
89514652105
89115173957
+79297976609
79266721349
+79213325072
89507733162
89122212500
89164369678
+79145712538
+79600936798
+79688594464
89024884598
89641830378
89004990520
89606479117
+79610516512
+79640529609
79811253791
+79531016660
89521601119
+79817927006
89525051948
89092800774
89253440896
89618972265
+79854206284
89529171111
89524380434
89521768178
89092043419
+79681311018
89658822075
89229596692
89143394647
89150853011
+79624319048
89091582773
+79214273944
89609554871
+79533779572
89671658606
89644501354
89653318444
89038915876
89505679081
89275542554
89160013846
+79620432361
79273388987
89627986302
+79141800774
89098300484
89158972505
+79253093916
+79296663111
79203540064
89671966280
79031444619
89633466568
+79062111155
89102297742
+79019043090
89248723947
89854468200
79659375566
89510804458
89043101887
89874791014
+79087198598
89609982338
89059810051
89081234567
+79055808390
89097583890
89021965316
+79505053333
89080255538
+79301558330
+79207367344
89218488999
89852142870
89533820488
89039760290
89190223566
89138625237
89181517830
89069722439
89537447630
89175332507
+79281265519
89081738063
89096861862
89046878791
89507617029
+79535250055
79004792854
89048589025
89113265666
89806871828
89144599182
79324320381
89139415184
89117111054
89627360156
89509121877
89284345916
89196260408
89630956059
89531612159
89092147446
+79179496046
89171361487
89507548259
89191253791
89823265303
89228915568
89539653904
89373672939
89851736843
89263872902
89608694575
89213181015
89162985981
+79636862823
79151082868
+79175093932
+79533047126
89250734471
+79835440302
89286229327
89002989708
+79370665580
89058859010
89067756766
+79164911594
89286090007
89138127484
89053058432
89182590335
89056636813
89148075205
+79600571329
79637726251
+79600000000
89644334427
89067061042
89610308174
+79650550172
89210135428
+79268361656
+79681830556
89122585039
89227683887
89292121256
+79211324970
89817650805
+79374771121
89649711455
89286356102
89105048053
89518633601
89043909979
+79171031503
79876155586
89244108497
89262260667
+79184649003
89854556675
89521519093
+79160649906
+79303027427
89272609116
+79650334600
89192636154
79063751569
+79267267223
+79113215128
89087847630
89524075038
+79516736349
89169993965
89639026737
89051829817
89515883471
89155983634
89151872501
89818368901
+79261745181
89521392223
89024670477
+79883484728
+79535235369
+79652924743
89047422573
89313607774
89293781648
+79003599688
89538128353
89043450417
79211723185
+79062651487
89054779100
89270271246
89021226286
89826176097
+79214821023
89527943487
89841512665
89608169992
89523343778
89505664325
89875753002
+79099515718
89195080305
+79080521454
79639934789
89147509888
+79028598220
89129111388
89528089183
89511209196
+79167308415
89602649700
89500712923
89169795707
89081320112
89263030868
89875322630
79150443169
+79252069329
89104663005
89137402130
+79126532872
89043531415
89027901219
+79531983057
89232178849
89530145027
89099572006
+79530660920
89263308482
89281285066
89174027566
89067690899
89269670580
79625265727
+79144122645
+79217701080
89531344990
89257390250
89608885986
89090301015
89642242680
89522382314
+79104820822
89222555671
+79522033301
89001991507
+79167726914
89094375990
89630266625
+79118266102
89099858501
+79647331063
+79618574302
+79858505131
89210010559
+79290876780
89823087167
89144053769
89157736843
+79130453216
89530390250
+79193309198
+79177714994
89135501598
89519453778
89112964575
89527455454
89836229229
89648603802
79192014187
79110503008
+79818527022
+79644566546
89157123876
89531846909
89140820000
89248932900
+79229441313
89520152736
89252023215
89876059115
89198453909
89224073259
89136074587
89500476022
89650387669
89263147709
89228769777
+79055592728
89522338429
89224435225
89174359890
89063920806
+79672363763
89203551953
89124558069
89228564544
89875890271
89658103376
89135541723
89184822815
89092452734
+79373181109
+79539547512
89615109091
+79277944539
89276615180
89506202537
89815048925
+79038052011
+79146207310
89297576019
89241638863
+79196666077
+79113055268
+79114309216
89181488800
+79998887766
89190256465
+79502788358
+79107402451
89676817643
89151558025
89286085994
+79853563964
89050242046
89082574329
89312015053
89265522442
89135145708
+79157674035
89236738536
89272931874
89606290258
89148901543
+79043373139
+79189812390
89226564142
89272747770
+79162468593
+79088236944
89519461278
89174647636
89622384041
+79312066112
+79203927774
89876129023
89539625453
89098668978
89002503905
89068604054
+79112419397
89112647521
89529215551
89212379395
79628215200
89171744323
89050322372
89205642007
+79516561685
89161969950
+79375957785
89195279366
89003249225
89600399165
89384511311
89133515555
+79182283798
+79110040686
89377390503
89134679833
89181360485
89720000000
89246493557
89279542386
89524246465
89263575554
89045205495
89303581572
89085972500
79537517090
89174931744
+79686013733
89147870396
89751931587
89643208427
89172191275
+79267928276
89879638070
89500894433
89803033659
89142900098
89519308556
89525151670
89308543265
89601026769
89514840426
89166973453
89138950447
+79517595779
89507650146
89885394048
89119742241
89156560497
89833511224
89378743317
89269117773
89198089139
89169362221
89040438669
89002357600
+79181877477
89370665984
89252250833
89525059552
+79531969746
89195160728
89194081758
79040132969
89325549181
89177658290
+79269369383
+79064193282
+79508050637
89803225221
+79117363895
89537150108
89173255465
89874797078
89508003623
89539675596
89002532279
89214983806
89087654321
89049702079
89155486423
89271190304
89649832131
89852562236
89639027422
89171496771
89116532583
89678556452
89507720138
+79111293343
89278167271
+79114323218
+79058367312
79019043611
+79876983866
+79237827041
89630952401
89527718458
+79097469900
+79147847464
89600423867
89523899950
+79047616082
79251234568
+79678522510
89146124425
79177384221
+79508977246
+79613925855
89536148671
89608543585
89379981744
89203542460
89536844860
+79638313358
89268964592
89674568957
+79509632624
+79206276616
89106286852
89143945131
+79253183594
89631313832
89612494828
89888669870
89120520848
+79056941566
89220554440
+79236790416
89056515467
89507472778
89528569838
89370328865
89153773500
89022653259
89506799271
+79214585802
89084975477
89684866602
89116916415
89378221033
89165729865
89626896150
89137844906
89307401143
89199179951
89091173757
89539328694
89202788288
89087949218
89113606840
89260651864
89200590249
+79212472920
+79248806446
89502200022
89523858847
+79517205496
+79269197348
89181593602
89299989501
89101578745
+79510626102
+79175437204
89508295924
89093757847
+79606205426
+79135647727
+79062095512
89511362796
89652943394
+79253477730
89125610607
+79202175687
89522608416
89129196815
89647353528
+79164731550
89871196232
+79130381068
89187602521
79520911307
89119908985
89288235801
89821711097
89184809341
+79853648118
79210915969
89320995513
89202786735
89272276359
89165305856
+79829418762
89871353063
89243311474
89192792072
79853668785
89113931834
89035571727
+79062192122
89113571778
89210104092
+79223083109
+79656481034
89232838924
89201378247
+79129170223
89523760798
89210953371
89216588567
+79088888201
89531963900
+79876660518
89277007142
89160907438
89531378924
89224292094
89512987071
89643010136
89829929959
89213099165
89517270343
89097193400
+79645150906
79096977816
89851646316
+79307092061
89040489944
89207582341
79261560821
89817717141
89127478992
89059739751
89825982051
89243372829
89036995651
89167771224
89200327966
89209303657
89506943153
89619323469
89241607190
+79177176401
89514962905
89051140680
89851578210
+79165351928
89244560442
+79116010276
89608697432
89174087271
89288838393
89528734438
89325306383
89194605162
89059064445
89616982474
89117458923
+79688785804
89523693144
89113849751
89153911386
89603875461
89509043354
89139684221
+79211512171
89021684929
89530926378
89085886198
89648967660
89650663549
89105663567
89625491406
89876414155
79091332730
89276716565
89044950062
89051354713
+79110999500
89172798753
89146592570
+79252776559
79158503231
79611824311
89516101968
89525871768
89231201709
89236495077
89275101379
+79211144161
89045590200
89636944771
89523980492
89507046014
89370736056
89040094922
89511111111
+79811115142
89658566693
89528591931
79535475003
89040967678
+79199005198
89218881436
79859744671
89293067418
+79147847685
+79278211010
89005223128
+79062770245
89186955281
+79535101216
+79872056879
+79085782618
89095002390
89227488835
89372256452
89048423001
89537536342
89126709615
89290548133
89035798473
+79050876720
89009140760
89088652272
+79093113888
89158658700
89063504114
89098766212
89871977002
+79167481246
89114306988
89325456833
89519309210
+79040106458
89224723074
89643622235
+79853609212
+79270189149
89271758725
+79818345040
+79622800161
89179951689
89657757053
+79603832489
89138142070
+79283068000
89146613452
89040322403
89134778997
89167966153
89037840073
89503428379
89262847099
89635343802
89370256988
89638888366
+79214510803
+79201134284
+79896322629
89022818648
+79506616666
89204001368
89627322212
89113585619
89067595205
89290605805
89290041163
89214047696
89273361817
89064738415
89061319109
89263571628
+79215998588
89513346908
89002821418
89095605222
89198468634
89507477365
+79042291512
89129107326
89097333186
89517845722
89081651489
+79220740967
89162170016
+79854167753
+79180462392
89688569855
+79675625493
+79516834345
89055890990
89520618641
+79811453911
89141981375
89525386910
89682725086
+79533512821
89375533482
89051387281
+79130808411
89628094411
+79205881315
89811257995
89095977693
89223107635
89065039496
89129799916
89159433602
89205601226
89036467890
89814635398
+79067257815
79090872480
89280098831
+79506429790
89646830644
89051352901
89061142020
89852400310
89176729559
8910399XXXX
89524347378
+79642997900
+79217983526
89500514790
+79218252609
89140715356
89652871155
89213459362
+79506805509
+79508421503
89529313781
89274554077
89277119184
89851907392
+79221147685
89164713235
+79217772523
89851311608
89158084353
+79067443877
89300112355
+79066399010
89876576148
+79313066318
89262718639
89236559849
89046030051
+79062585622
89189917989
89852924748
89501044575
89146584164
89251902968
89271705229
89662819686
89279894309
79628602089
89535706876
+79659173835
89003056300
89623772373
+79643847261
+79211583168
+79169731800
89085820323
89015856682
89027934033
89535116939
89538124385
89215759192
89043424032
89655018322
+79516965911
+79874194974
+79627171220
89127636027
89199668503
89108520656
89143158216
+79535379599
+79054339500
+79126681738
89151745993
89285529057
89626776046
+79153524909
+79533081927
+79066368081
89223718339
89080487099
89109144495
89526428988
89634701990
89290199267
+79530416760
89142020562
89231120966
89615604205
+79242520477
89026634070
89204095237
+79094476767
89530518355
89180800555
89603789921
89200895145
89616438069
89649243540
89621919837
89196160962
79043036057
89052219610
89081160007
+79217775205
89057000982
+79286141922
+79172392035
89531030485
89600337015
+79062801507
89135561167
89512518602
89524615805
89288833393
89373948256
89373991877
+79635048096
79064247841
+79530658740
89502619038
89105885382
89528558717
89212877446
89053334745
89371764006
89857782798
89629971289
89199999994
+79110643574
89886284252
89521104559
89204669817
89093804190
+79215761852
89066065928
+79648873558
89100841113
+79200881800
89099047435
+79156178661
89046652711
+79189870786
89539377681
89524266199
89650004218
89375444357
89114578561
+79234099955
89670793621
89520506099
89265603830
+79683753758
89112601977
89142911134
79530129927
+79191835329
89110976130
89219208569
89119119902
89132202898
+79164491155
89286950167
89278179283
89105742141
89273287888
89525698930
89046762171
89375663941
89033417857
+79376325698
89377004413
89232976625
89170112437
89600530894
89111918122
+79178917260
79687747402
89060381799
89539867452
89081967272
89653059453
89536429242
89519464621
89234041144
+79524565085
+79253001918
89121298308
+79129704455
+79642087208
89050277995
89237600532
89183761965
89251003370
89515618166
89167960053
+79093849870
89874577706
79605363226
89631526017
79030499566
89155259047
89524742545
+79267356316
89046410704
89613030258
89520014927
+79019043090
89501534974
+79193315559
89537948842
89054323491
89208639141
89501711827
+79616233518
89090835347
89189465158
89522502160
89603966831
+79524256444
+79210761543
89508765173
89636039574
79517413141
89896229381
89276703183
79633665048
89127258366
89628031658
89535793673
89501443362
+79813003003
89182930590
89373381372
89518933483
+79124117548
+79208915319
89002932825
89504793050
89525502150
89094380144
79040489695
89166431713
89629161041
+79643801750
89510800200
+79082914477
89514217300
89041193805
89524389487
89193632188
+79269604731
89024072418
89166083918
89505001068
89028388004
89021253010
89511975660
89088459738
89175676862
79046116072
89506197460
+79626736217
89128312413
89642489938
+79119307601
+79517433597
+79818581791
89186608070
89539231948
89505969888
89037086899
89081995013
89046127616
89281878628
+79094222679
89217672533
89180509612
89308522203
89533298108
89042606027
89373825102
89106385930
+79533506537
89217456873
89600261906
+79177584953
89533133333
+79528578316
+79872206679
89535274965
+79035266870
89600935833
89161116348
+79378812202
+79527721210
89181157553
+79081655422
89172420419
+79537532058
89269540055
89312795935
+79614638473
+79268954841
89192482343
89128559159
+79601952352
89201524753
89379576741
89516616691
89687507262
89081236180
89615750985
89003554410
79294118275
89373002057
+79117677525
89278574181
79063409622
89092605402
+79041047772
+79244348473
89312944350
+79310028213
89372135695
+79616295522
89884279393
89689432309
+79817247457
89607606822
89629929594
79512981734
89631350385
89510715800
89510865338
89629422078
+79261222888
89050009622
89260294450
89653663810
89506774621
89174677374
89206047012
+79056770336
89270065199
89145777708
89521657992
89520360859
89611523447
89286059475
89375727644
89283683283
89111834588
89511448428
+79162547434
89204232076
89511523821
89881164361
+79038420967
+79053023950
89614432068
89647430505
89376648790
79526927027
+79270454195
89286040144
+79118888928
79251472273
+79195918728
89643791478
+79134882449
+79094567456
89633564757
+79213600191
89528793206
89631332003
89158435037
+79290073047
+79234693379
+79197398036
+79067365138
89606265560
+79255049620
+79217130372
89020574162
89168687739
+79057379992
89520960248
89213306977
89378420958
+79629997827
89043454586
89298222147
89242493932
89170673195
+79308507795
89807540864
+79027988994
89169880083
+79657555974
79538660314
89052768769
89096331456
89825251054
89135123583
89108252409
+79185848258
89817784838
89227977322
79151524483
89267902411
89684395327
+79605055111
+79043909204
89037799692
+79508014095
89106737226
89248289790
89652950011
89296689626
89067318531
89299518439
+79005725249
79513816178
79371599146
89515640416
89145057158
+79273770639
89534716913
89028748229
79201260689
89670248749
89511543439
89103733608
89251851925
89176486501
89207551998
79531761754
89877119847
89892608837
89521530861
89110586604
89630073225
89513429878
89272633773
79807003251
+79111623325
+79379332603
89082633470
79032420629
89636364487
89250418862
89611396445
89244712736
89195839998
+79111154084
+79119600166
89024058780
89280000000
+79216183401
89506558916
89823443165
89193159390
+79097217610
+79215260492
+79678868773
89501765594
89163011991
89232044676
89614061925
89251805152
89135616603
79670424041
89313119528
89674874263
+79224803642
89613573134
89372652228
+79128738173
+79206931337
89212014524
+79185672557
89135057242
89600368419
89522269753
89205890511
89049718579
79287220567
79126087652
89054579300
89527385601
89182150761
+79164733190
89254454327
+79250447826
89532911846
+79528999896
89800000000
+79021122199
89230011266
89042238483
89505698115
89155770395
89872274092
89376537093
79622762684
89651043083
89992222222
+79169813815
89021350712
+79131851821
89183533996
89182204317
79266752743
89194819590
79095713514
+79611006141
89531340942
89107978065
+79189157714
79522922345
89269562277
+79112764989
+79851112630
+79160848325
+79114384751
89042880237
89247773135
79211646523
+79621625948
89328488297
79002061797
+79057689535
89517628973
89069360696
89666666666
89511242467
+79814690494
+79611262145
89210986603
+79242151587
79825726142
89502536814
89154006740
89227082849
89045584849
+79269664480
+79529406559
89182207989
89068178797
+79110395405
89186964517
89209668683
89652072566
79524954825
89061789056
89214518919
79247381393
79829269980
+79125150869
89852847801
89118558184
79674540805
89223483410
89826226666
89686420056
89269245364
89203253313
79051586025
89155626261
89628402237
89184423094
89028295318
89155262112
89155650810
89045324559
89082457064
89673523350
+79204243858
89089461287
+79508751277
89112776061
89635388575
89614006267
89289014708
89630242704
89624331978
79503957823
79506422637
+79874416678
89207018890
89676373158
79155868164
89533547954
+79101015991
89824693717
89122954096
89806597508
89219986484
89202820728
89081828114
89148064273
89209591283
89052772771
89614798256
89158095206
+79175320070
89068897811
89261740301
89601085894
89537411189
89521561175
89281782991
+79379343053
89525173097
89507313942
89529051986
89089955712
89084413346
89027682153
89042781727
+79110544474
89064675383
89531837973
89515620894
+79243654903
89048647428
89375112227
89875677514
89162823400
89859762691
89027656043
79162904203
89622008831
89506805799
89889613307
89245357005
89296598739
+79297218613
89161467990
+79202648047
89871040784
79286285754
+79295103390
89631445891
89817029527
+79811721262
89246281620
89272631159
89517853474
89040705762
+79091622423
89531680254
89080877303
+79111207876
89518605707
89500054495
+79080544288
89180424546
+79045089128
89048392203
89228110420
89221923629
89618732028
+79264991649
89684575176
89002527889
89030166487
89533505674
89123113035
89155230653
+79633258789
89265927107
89179323242
89803178756
+79673599258
89208001458
+79607614487
89095380158
89281010101
89273742219
+79065587926
89211549250
89277446688
89373815222
+79217242620
+79303838393
+79506543206
79119119911
89627050530
89279688978
+79654627004
89103382921
79054293905
+79506514318
+79253622928
89235791934
89043439390
89673665625
89087857744
89273351596
89204538630
+79255230211
89266131995
89536271217
+79253595322
89266965361
89022829486
+79535367107
89044189132
89534296528
89508563616
+79271313831
+79293095633
89519954208
89303496228
+79197229458
89000000000
89236792120
89081186016
89527735421
89629043863
+79106464237
89281677678
+79092559004
79315176990
+79209040052
89052986148
89371691133
+79091735337
79537332925
89157765091
89251292060
89132018990
89032539579
+79651157509
89652075657
89196069777
79535190481
89199888482
89373382132
89522500515
+79165725397
89658576774
+79248902759
89192896610
89295650721
79258561908
89210066500
+79612886542
89370103359
+79528579728
89515426320
89529637552
89514757970
89633228711
89517025441
89118428775
+79522614100
89509630453
89511162754
89504561510
89373456787
+79227661578
+79102630857
89046956830
89523603260
+79874151612
89533004620
+79177833317
89113520263
89055677202
89872730954
89042242943
89060530453
89204155156
89190092774
89622569414
89512519731
89046170097
+79181642127
89535274468
89503212756
89268507916
89625217202
89326016606
+79242373877
+79639434844
+79191490828
89194057281
89263246118
89177339403
79539154651
+79180909745
89515615435
89320129538
89503280372
89030438363
89194711767
89202091705
89518608649
89817681980
+79523729434
+79299316256
+79164866857
89106896028
89261464222
89042986514
79037247012
+79176199640
+79910008865
89275003747
+79064016313
+79049766272
89508791114
89517899232
+79633201008
79200925141
+79148398352
79175468830
+79175803028
79161141168
+79203908060
+79110234087
+79883167820
+79048865365
89096995123
+79514944196
89029373075
89660932077
89198291758
89277381761
89805022928
89652211506
89109702760
89156883639
+79688074080
89051825516
+79253406025
89115609247
79170702905
+79384020073
89046323065
89138026666
89153441992
+79221041408
89507528763
89295862068
89071111337
79200217035
89274590162
+79250381972
89603871595
89534224435
79194768678
+79145415232
89209361333
89124281162
+79107924555
+79213788133
79641196796
+79068373706
89254976558
89654251248
89659144734
79507126673
+79002887872
89381081672
+79645042761
89182183269
89511558960
79600791236
89525508094
89877537753
79266640628
89045986619
79065458150
89089176881
89004981152
89129252553
89506761119
+79539597303
89308012179
89046015159
89024787957
89608370093
89250000001
89299705760
89102084059
+79146152500
89158394350
89062448601
89630522065
79817062686
79206474859
89216842480
89506960884
89806591099
89377253065
89174651240
89283571318
89604857231
89643757116
89106962640
89525590216
89508671083
89116139838
89110226944
+79615551886
89233046082
89528364978
89524381135
89896175633
+79522145618
+79299780261
89005204057
89802412591
89251482187
+79046380620
79376476399
+79025076012
89111031438
89167325053
89133265666
+79089468346
89149523137
89536135493
+79512044908
89042982988
89064094911
79111943109
89205298254
89276132446
89516480160
79530067188
89833737496
89207044866
89528805214
89043115344
89670878727
+79504633348
89112338266
89031813342
89155374300
+79114938309
79094656011
89111926959
89372045924
89999999999
89205631127
+79174638547
89153481692
89261137833
+79234036529
89215217331
89882222769
89144771828
89270962635
+79117166906
+79645866120
+79195877613
89371500810
89279227615
79053046760
89686063248
89517141848
+79051595953
89307249309
89272839905
89631108512
89208850633
89150640967
89296081858
89506205176
89138019221
+79094611557
+79523564750
89516867870
+79039289666
+79043348772
89221471673
89171321681
89113712125
+79088412242
89207458852
+79111700473
89153066256
89871903353
89524352510
89885341024
89099392858
+79267363699
89511898119
79048652159
89265881659
89114029565
89371764375
89504842526
89373118637
89272429066
89194547135
+79266570231
+79648902001
89125381220
89161388865
+79081357036
+79649587680
+79108266232
89825109140
89513390034
89885487226
89089223846
+79602950774
89818736067
89217282411
89512118847
+79052186209
89218712162
89511597909
+79103345664
89058861011
+79082720755
89526646070
+79212238225
89105051605
+79192319323
89220579399
89514685062
+79522333369
89287638541
89215111254
+79191431894
89135750704
89124930185
89514269844
+79613716295
79222229874
89821591686
89168488853
89225468313
79102269249
89111718035
+79137954927
89042777873
89304028072
79209499146
89638582806
89203912539
89851483789
89181358589
89288151257
89137044047
+79533085555
+79519958930
+79253833105
89608046694
+79833850989
89641417964
+79267154543
89085742211
89200187576
89134922430
89045599217
89114080696
+79611093053
89212590141
+79157669569
89532438385
89155275781
+79504642340
+79299082395
89825481500
+79118283464
89157197978
89537526921
89507873607
89222222222
89374683175
89040507720
89113521094
89052699517
89522951533
+79112807849
89682727083
+79633627710
89688919475
+79195573880
+79384020478
89377573174
89041937105
+79154529938
8911121432@
89158739413
89271426388
+79173208166
89040438399
89500078143
89831263990
+79180800555
+79535085494
89308925151
89500@@@@72
89155027978
89651868574
+79288536506
89032127810
89107058052
89137873837
+79212910870
+79276917765
+79195917666
89533213562
+79212695233
89228701024
+79533424443
89825498322
89656408411
89162036459
89195398270
89108465041
+79045202928
89851122079
89032512102
89277433743
89040854570
89374007755
89206734218
+79841999777
89208648959
+79533419007
89525495464
+79041822274
89534281498
89688306737
89516570206
89373552957
89505670224
89502056532
89126916126
+79536709486
89284376742
+79060535333
89208284777
89041025740
89274631504
+79536164190
+79872910671
89514961757
89517830031
89141319058
89532483670
+79110129509
+79174970295
89301801760
89333666002
89268476356
89172937475
89085149718
+79186594140
89852992421
89180321632
+79088612022
89092424604
89139297380
89114094829
89852671305
89525594459
89510738145
89186953448
89114812121
89049995234
+79118359733
89099481344
+79122118487
89000000000
89528186009
89535787512
+79113938810
+79195128123
+79524219331
89273004654
89521048174
89045354144
89030099494
89221853965
+79190164378
89271107392
89530052756
89603751295
89278988898
89511459196
89090721532
+79019043090
89060517915
+79520501252
89877308103
89539315522
+79066053629
89101116058
89514477892
89205633433
+79616417619
+79168130955
89236443918
89004990739
89523335790
89181720079
+79213652264
89231431119
+79182115557
+79853868602
89253120294
89174052171
89630817022
+79155731533
+79491047285
89375365154
+79113245769
+79049900377
89512114208
89833317339
89209087569
89048279519
89506338582
89038892127
89253005808
+79036493353
+79114956210
89625106585
89603261339
89881413621
+79315130413
89175080709
+79531787318
89373515232
89508050965
+79278764899
89885330339
89232945921
+79284592090
89200117045
89202715551
89534770684
89025341671
89128161984
89173466871
89038575043
+79508991440
89221701259
89002683648
+79621885855
89637267963
+79524389994
89511586824
89119374404
89530609380
+79520163027
89205073534
89371167045
89215610806
89219729398
89601203317
+79537028218
89527271171
+79651194858
89637547194
89522403703
89515224697
89517301985
89689129498
+79089040721
89184748578
89061342110
89089004820
+79523001686
+79521398209
+79535635330
+79132066525
89046856778
+79040846247
89535761843
+79638540900
89273746362
89539561681
89130298015
89134562880
+79528128709
89269707666
+79044750101
89602465763
89103104703
89504162474
89113691809
89252610764
+79205620175
89536631259
89155035727
89152096792
89515059297
89039530007
+79111284928
89183999671
89062995733
89211601381
+79269422855
+79647274727
89283717460
89080681615
89829952235
89319030771
89196352344
89672843753
+79022264367
+79605612531
+79019043090
89035442227
89536778509
89282637165
89108189402
89501401423
89533247733
89198761514
+79099630009
+79122282112
89273551049
89177775147
89125321901
89655593832
+79511806166
89055784533
89177635821
89041734891
89644695151
89373521052
89854406267
+79531624104
89530313669
+79170668994
89377329448
89811428801
+79119668470
89081729707
89068430700
89510801640
89158097221
79151136163
+79511393505
+79513966310
89155343173
89829502787
89514727338
89200891929
89857779277
89175534404
89041059294
+79242717568
89503232965
79041096200
79019043090
89057977739
89120546773
89655124637
89817003533
89379100747
89202966911
89058565985
+79208497000
+79539826462
+79217703126
89653136410
89151804753
89028717443
79537565018
+79160242231
89298198418
89179245767
89275007912
89832806646
+79636649630
+79500992445
89611171513
89048247952
+79647010451
89518048723
89536305892
89094708701
89112150049
89814630000
89608780158
89103373866
89806339552
89656449521
89028603080
89216239004
89643846258
+79188904659
+79160736516
79222770730
+79205061391
89277844297
89068248719
89504149140
89531872632
89174424659
79854319980
89151237283
+79815567723
89203710724
+79627038150
89126115079
89533661028
+79052315081
+79031901275
89186797218
89169892142
+79805244041
89189036417
89209044177
89629338180
+79295099579
89220533455
+79043377254
89111237744
+79189911171
+79211394745
89277923647
89521263531
89824097924
+79602021574
89207933936
89270930075
89217332886
89057547178
89204955554
89186251349
89514998593
89627254230
89081871341
+79021383711
+79625192792
+79829011235
89535036211
89123456789
89621205627
89102331908
79021610996
89165527978
89653386769
+79177388384
89101342142
+79214423533
89200823085
89058633205
+79119529261
89637680292
+79377977262
89521133275
89514213417
89050979489
89824180910
89212964159
89264133075
89207169925
+79042061452
89144134824
89103109407
89106075969
89511513863
89132476294
89150538341
+79160574150
+79253117418
+79069437411
+79610883200
+79032506414
89622118302
89615865603
+79106364093
89204529905
89236808370
89133994299
+79137438888
+79285080001
89639583567
89045273979
89104671707
+79600230702
89528784310
89065728127
89617793112
89213120042
+79276490001
+79881631819
+79373030377
89608022266
89062819063
89538832255
89532722509
89113250004
89039790655
89615574000
89517393725
89169207393
+79128702723
89051551417
89654362684
89899195307
+79650196849
89529413910
89516633647
+79116829199
89157679253
89227974395
89372024231
+79019043090
89089028774
89183670142
89162156854
89021351488
+79155661983
89189554802
89254524472
+79193562943
89160949790
89026579502
89097182713
89628595839
89377709888
89376376519
89524249640
89163502503
79639935421
+79276179775
89635479798
89040442329
+79198087598
89537470944
+79219793538
89154251555
89204367115
89999999998
89282111402
89112296657
89215614878
89210259408
89207322249
89056373595
+79852295935
89507279625
89165078786
+79110256131
89185738747
89296095935
89854369525
89825172753
89173789756
89021557487
89086787553
89648569256
89192210816
89532903235
89088915473
89882840468
89161587268
+79149100100
89057149201
89034603126
89652972220
+79112869892
89174277128
+79122990500
89631357089
89205144053
89147505@3@
+79611045536
89210528190
89816900540
89226427982
89122925698
89685124181
89177799595
89217110812
89624704851
+79680514096
89131009422
89218349101
+79049241136
89198695604
89085506102
89630896713
89516788224
89123456689
89095749066
89204006768
89119538025
89516639167
89212350079
+79118018034
89116484041
89655800830
89036333387
89853352405
89530818346
89181269433
89149280849
89208414678
+79043896388
89617653662
89092142621
+79046364261
89308422931
89040543169
89325521422
89529135504
89196143722
89198361521
89115526428
+79114385275
89853166667
+79046325964
89514888396
89107837899
89143562282
89058013226
89535019260
89045739604
89371706374
+79113035024
89632967324
89048082802
89197044679
89174635148
89038541113
89673216118
89054559831
89281122543
+79047781876
89279601061
+79215633480
89167116590
+79834246834
89536506983
+79035273001
+79670548431
89044119576
89533227321
89183231835
+79290044921
+79278574498
89374107136
89061383135
89632714947
89098971171
89097736737
89009960786
89537579585
89081987590
89218764864
89066357724
+79308580804
89522114216
+79214409631
89123456789
89003530917
+79160605956
89211807763
+79276332422
+79639996685
79194594435
89057961685
+79647940062
+79670985291
89096817099
+79252749617
89198253037
+79217431509
+79537931222
89155345350
89096066050
+79263424291
+79536282816
89029815453
89670276658
+79814683112
+79637574903
89227869583
+79062320961
89134179415
+79673475352
+79093493622
+79089065637
89267862552
89516771384
89315111251
89158015708
89535571958
89517647727
89000298204
89090220668
89277497314
89875977502
89194711535
+79537573058
89174155128
89508340806
89033475889
+79508950241
89284314178
+79518759829
+79876543423
89872104089
89521242299
89174377074
89044450350
89113117953
89617212133
89038417636
89260416495
+79826743909
89203090308
+79131656063
89208862514
+79500000000
89086328507
+79089232063
89521206383
89525966994
+79216352963
89625034771
89522543293
89204452591
89505695760
89042915402
89506766435
89520703977
89885368324
89197048498
89063173811
89851663627
89536594048
89534311743
+79613465007
89111336557
89094121222
+79234961771
89107454418
89173881207
89003116205
89068266404
89023152604
89186191421
89148166258
+79191579007
+79112379875
89193525171
79046429311
89037470917
+79613631372
89089569123
89222490340
89118562606
89039077797
+79148382593
89507475632
89270977999
89086683063
89X08436XXX
89655004526
89047857996
89040980836
79177932809
+79044554472
+79175199619
89513125799
89525753198
89106125254
89512976463
89186601411
89504774717
89200481190
89633419577
89276053323
89252396404
+79103467370
+79253359282
+79044461193
89021929801
89017268510
89045147742
89083189320
89637045285
89189194235
89534198969
89286434637
89115459623
+79539396916
89096484294
89157791057
89042380064
+79857832369
89277514838
89085038607
89320990766
89130624364
+79057922850
89507325848
89290000000
+79128012628
89833020668
+79506462584
89149738819
89091109658
+79103218897
89253761865
89604144994
89062936376
89035575067
89600826493
+79852216830
89144739798
89537335777
89601194734
79165682472
89046752435
89205175882
+79208775274
89136893000
89060824542
89537780363
89180537358
89144667729
89505010837
89091099633
+79299337060
+79267923315
89176536049
79527978263
79525449338
89267664833
+79805411947
+79512129564
89831930005
+79222101632
+79858696075
89264604733
89270426601
89827124370
+79046396933
89370734902
89636247149
+79112907719
89265992570
89279249423
89522164505
89535313340
+79037995759
89085165506
89116778325
+79111544662
89619659594
89099794758
89128166263
89521004100
89040133534
89670085223
89882424060
89034795176
89267814598
89122975756
89160994339
89090259311
+79508966946
89212534122
89642878355
89219787662
+79112726949
89160683811
89263881376
89806813609
89135180573
89533572885
89040954386
89187746035
89063342037
+79643897520
89525977875
+79220759693
+79142971461
89109972021
89688088882
89168225742
89192253362
+79509379992
89328450225
89093523021
89056342803
89080645455
+79522123472
89133223232
+79282789143
89175895441
89877362577
89185996015
89152391270
89375647363
89374015420
+79876543210
89526096808
89154246457
89221855718
89221341319
+79539326882
89063418042
89229229818
+79211593447
89538677691
89811465606
+79124323230
89181145476
89107119324
89879607238
89645093953
89182656957
89500786758
89648341055
89609604447
89258350523
+79600577966
89033101160
89515216266
89507827828
89224426880
89081158994
+79065801653
89371438790
89052268466
89082552332
+79507478525
89033272945
89115553006
89194756368
+79281535101
89085760456
+79627953787
+79807508802
89105536525
89172424620
89831776464
89004613048
89208424757
89092387399
89205832073
89503264007
89201028684
+79222831052
+79522658012
89518079254
89095610846
89266678234
+79062479974
89126719441
89157228432
89056345930
89680161243
89224556898
+79211699448
89520218476
+79141604491
+79274652412
89607196369
89232471994
+79601075339
89042050021
89276861905
+79312542686
89852846047
+79114995886
89277862922
89516606735
89263219030
89534294809
89208500666
+79045347093
+79518313015
89133865775
89654548992
89534258846
89521118192
89261240792
89041102229
89062460090
89537524870
89534085565
89048662606
+79088918360
89085521364
89517680796
89089208060
89130182443
89178189180
+79642976555
89204617501
+79158877717
89149335270
89651281976
89201567162
+79080671345
+79213707551
+79643221368
89523737765
89192191712
89085703539
89032677523
89645821488
89153622717
89515117429
89517679112
89233448133
89108288496
89068162883
89851898425
+79602075539
+79221012365
+79191987732
89670353456
89532956394
89372409122
89643877060
89502015510
+79852297572
89114919171
89670143979
89081434861
89185750465
+79229958758
89875236239
+79111631903
89630994138
89534359639
89515427915
89159475614
+79082097326
89139747351
89036227926
+79658376238
89081798051
89058037075
89600126333
89636164116
+79038705561
89103668066
+79196531893
+79533930396
89003681943
89260677257
89289007840
+79662607676
89106743473
89097353672
+79209227452
89653856572
89518030988
+79119894478
+79377253366
89029991163
+79019043090
89517755736
89531288931
89500875087
+79041761406
89080869599
+79814052063
89373254565
89220902598
89056191404
89525208487
89125578601
89171805428
89232817757
89268015685
89262621421
89384139466
89051803791
+79036861296
+79265215327
89053565669
89639036404
+79213889750
+79099566429
+79251429147
89523630585
+79155554399
89160915290
89623694397
89522916198
+79086502610
89114742646
+79119162714
+79301198030
89251586520
89112723393
89098538588
+79037636636
89251220848
+79815089651
89885665952
+79095802304
89537177839
89236902556
+79629586711
89524860572
89021384656
89046312835
89521040142
+79154861635
89040979669
89518728809
+79169139770
89170700811
89666666666
89119464324
89500416556
89345678322
89223479469
89232928524
+79611120799
89155685661
89261722494
+79135430989
+79139154708
+79533768018
89539566162
89290080921
89038873331
89296308596
89030653444
89187444003
89500175068
89176329142
89053134945
89270000000
89021984018
89282280432
89502088300
89638544709
+79215362421
+79377221845
+79170899886
89092020591
89114617801
89534704413
89276410468
89208539196
+79052681378
89281662912
89504548265
89119753614
+79096205261
89513486728
89113628174
89278442519
89636062211
+79872844277
89233534755
89686721428
89090978029
89097855563
+79500415647
+79631709333
89303458997
89507204151
89090188275
+79111038056
+79219752529
89069683779
89090101949
+79520552271
89126541381
891022200XX
89876491838
89297707688
89625000000
89650440663
+79817317240
89050392836
89042736024
89109866915
79082787071
89039023175
89811067430
89129769181
89223238944
+79521342050
89515153031
89525194589
89042951472
89535469537
+79115573757
89046936442
89876781347
89613509679
+79087238772
89029933966
89161160654
89204246785
89150141052
89229655006
+79144386517
89179112777
89508327498
89213088645
89646833561
89509079525
+79184350777
+79049553266
89313035877
89211583173
+79082732445
+79308630554
89818612374
89229107750
89652551745
89507071265
+79052460652
89636491547
89538846996
89177169166
89511326971
89375707076
89004579991
+79296343623
89105354728
+79221508965
89252271962
89521033868
89021923049
89089424069
89833439805
89081232540
89378403884
89179774228
89156673951
89278407286
89514056355
89118630666
89214163608
+79267975336
+79226516156
89168008094
+79086701040
89224898457
89615030538
+79194041377
89094140735
+79292814014
89511599700
89192087738
89525747187
89502417562
89263001926
89129991478
89233702511
+79051021300
+79523677018
89092477558
79220616886
89641068275
89203913605
89116754141
89209427354
89627004548
89099025337
+79118132979
89525194388
89218462055
89510797823
89645262722
89224396997
89160688878
89178252649
89097689302
+79207030329
89158760945
89260545519
89061848827
89371736179
+79275160706
89278604888
79516744339
89162363068
+79530991713
89873419947
89802449001
89103054516
89042840340
+79523136088
89827142627
89161647345
+79218508034
89646762800
89533125085
79112153609
89649190007
+79175356270
89003262181
89141929692
89600108899
89174260495
89201105996
89166112721
89164818268
+79217234131
89515688434
+79214861267
89062423301
89095889575
89233129334
89293831469
89114628669
89119614211
+79605587939
+79095591069
89373405104
89165262132
89046556983
89370716552
89876204750
896134388+6
89503245387
89284916333
89634610393
+79102226905
+79653874760
89213071958
89123516875
+79823356685
+79872847739
+79164985916
89052573536
89274152322
+79099042206
+79312492064
89373198991
89237997060
89054026715
89258700841
89119395328
89171174173
89085998121
89622619536
89126766149
8911+++++++
+79532627196
+79518585539
89221065335
89029917594
89237171904
89025077811
89172650911
89521124692
89831885761
89534084139
+79233195927
89375906383
+79170843964
+79261980521
89286547895
+79516523577
89506473236
89817436487
89031060204
89150219585
+79150642095
89167132360
89807353168
+79610166750
+79083908689
89118604445
89192599461
89135165373
89194732701
89024343101
89112616000
+79192355995
89507535931
89644787129
89373795444
89375686776
+79210976392
89163361322
89022513278
89824557522
89180515070
89512483924
89671647875
89200544520
89610097567
89087297792
+79284084061
89503133590
89217112466
89174244237
+79000000000
+79046169299
89292686677
89252669243
89157312798
+79277292667
89523989866
+79199355687
+79111292560
89898989898
79062293300
89852725052
89609801245
89090822959
+79172182292
89171424777
89204662908
+79201331148
89221281111
+79601000002
+79602642419
89215691410
89611488312
89270077337
89082436784
+79316015507
+79213201047
89156493075
+79526545076
89222006879
+79030907444
89214713514
89128945803
89099426689
+79038444299
89655969907
89376400353
+79836221801
+79650721282
89024734622
89118522587
89279669232
89384081752
89876617069
89091780104
89055691502
89502544915
89536129260
+79119758928
89511541898
+79505681814
+79218694219
89278177073
89202744804
89511243657
89165660446
89082384840
79688504679
89164999090
89138965510
89030239300
89286207117
89537902623
89043133907
89178936357
89534064556
+79636859446
89518144728
+79244473791
89511517521
+79267331918
+79638766843
89292643701
+79130298969
89158001312
89233118996
+79502894307
89021988444
89090515155
89261804121
89603267679
89153402517
89522768613
89061879606
+79045425717
89196536433
89371540124
89129168242
89032100268
89057659740
89065726068
89043926475
89086690436
+79214491938
+79251776489
89507666666
89608931631
+79117408392
89539050371
89501530088
89114324581
89536081417
89137684829
89530552733
+79602406959
89655997429
89536146785
89177307233
89235232681
89237201319
89261572780
89627795847
+79169107550
89803317442
+79226219988
89294920399
89269079110
89042382528
+79080638151
+79272897849
89276932046
89101484450
89154159963
89279831046
89167845389
89217821058
89054256988
89539357674
89146744003
89227845732
89178571236
89134804572
89261618263
89055939654
89201243224
89172492906
89058310920
+79534270173
89224085223
89526034944
89308503931
89102508286
89091119847
+79189723220
89196620443
+79624342608
89035485628
89515686416
89043734322
89515692246
89223275192
89626607787
89048355403
89276952885
89824391993
89898199931
+79622837004
89067702997
89646798455
89651163473
89642944471
+79372067247
89169138171
89151681034
+79501955371
+791144@269@
89042817214
+79218356661
89602947153
89096894502
89604440100
+79213992832
89154077059
89617600601
89656868343
89042069163
89638659746
89877128786
89634125664
89685836156
89877914322
89265596154
+79020001555
+79529164599
89852130656
+79029908674
89852468699
89265213654
89803724129
89511341405
89267027487
89260109147
89316024686
89052778084
89221058877
89157065982
89067730898
89295449015
89874068544
+79523474596
+79507791285
89308512697
+79019043090
89320922182
+79373562122
+79851307134
89654161462
+79655199592
89511439013
89814584926
89876183273
+79201153607
89083638659
+79528369140
89112468942
89052990719
+79261064379
+79172714493
89525740548
89047642313
+79601787228
+79817678959
+79265688882
89190129341
89205138936
+79025506893
89026116089
89821198100
89518341202
89536944725
89687254330
89128350227
89222017326
89501226007
+79185678917
89029238769
89818258506
89213091443
+79215020026
+7927+++1194
89517469248
89103646874
89514757523
89269559830
+79046422347
89116257141
+79655095506
+79114683128
+79117932926
89312162302
89214377471
89102205983
89081660848
89251130979
89112544790
89081675668
+79114033729
+79617727373
89224343187
89036485224
89123328899
89266323335
89237589135
89518644680
89232859094
+79535361088
89535299865
89500490077
89500400834
89081355941
+79637213329
89622030630
89508550942
89832630707
89853429231
89190731720
89515787044
89090553067
89875669498
+79136878988
89613669965
89059483613
89270940767
+79202047864
89110103302
89035475453
+79523744631
89818939295
89511343873
89803514719
89515959247
+79502980750
+79062107558
89670060589
+79531559613
+79266583018
+79299162356
+79039499727
89877205756
89536809795
89051208116
+79119683716
89641834092
+79536413936
89875889913
89119657240
89638886828
89129309292
89160302789
89618105187
89312542796
89258230274
89046090019
89213077249
89611003644
+79878207588
89854131967
89501753525
+79277037062
89374366462
89165880800
89508896260
+79119738529
89521018718
89195528051
89516704249
+79055333339
89083284079
89064162589
+79254791588
89085067841
+79671752995
89500396129
+79091559659
+79871448821
+79601264998
89633256226
89048617112
89833830091
89297106673
89119034474
89266873415
89154719211
89085169X3X
89135341732
89258808195
+79096991266
89811852669
89502507722
89125965344
+79213338049
+79600080076
89510568249
+79171360890
89527637015
89235944455
89537078108
89199149792
89049995681
89615504877
89875838777
+79276670202
+79655866942
89154513229
89517623370
89633636348
89263545516
89680593155
89674807755
89174671873
89194450775
89653018573
89852572294
89095849645
+79214241932
89502107550
89670233734
89040914751
89093208430
+79196861429
+79651466687
89377322763
89628199098
+79271727331
89062144843
89005390050
+79021352063
89052359255
89612547225
89536598824
89179146042
+79062892286
89102182627
+79043311617
89232021904
+79260751855
89042715465
89626101797
89602265907
89500006183
89646296672
+79288744482
+79281558944
89207158501
89055713607
+79216654154
+79518748513
89202563959
89517498493
89021496812
89278982528
89140542625
+79163255926
89612009937
89874968372
89263669409
89171873423
89157660199
+79609275880
89113638643
89525094667
89507202041
+79090404574
89164425503
89028176796
89371833021
89174672410
89088425534
89227777722
+79312420868
89193479505
89166431962
89058505338
+79212858146
89062229609
89528644349
89523647576
89876580455
+79022042936
89121251994
+79630462236
89129148262
89283421347
89876155282
89205993873
89603616080
+79042897519
+79243542799
89629979409
+79165547700
89272510386
+79086079158
89242874156
89630762410
89269129508
89161330501
89045161413
89539687668
89378030370
89136509633
89157499416
89080190365
89064256980
+79535079505
+79823358885
89371710772
89658564745
79872425614
89081783321
+79110071051
+79105150873
89518720036
89052145042
89043691358
89267309755
89276666666
+79291040148
+79817851125
89026891697
89036387431
89213177184
89026171888
+79267134313
+79184629996
+79600259640
+79213288406
89527447957
89123500910
89219605016
+79298258068
+79826918032
89277704572
89500450427
89277040205
89039597899
89511384887
+79099690669
+79129059301
+79227701589
89114041838
89206241608
89823482627
+79124012066
+79261224340
89516505305
+79535265919
89157223525
+79150959812
89273695251
89272821921
+79117797249
+79248950542
89615997110
+79081891156
89299793134
+79379946535
+79518695308
89204373952
+79167961140
89642933636
89384200380
89507339040
+79165920929
89514622387
89203022865
89647759827
+79192391957
89111629426
+79091433341
+79509214400
89524353873
89234137853
+79180390607
89122500455
89109631233
89888956606
+79643272158
+79019043090
+79677477387
89258338303
89095533097
89234521546
89045587574
89220041833
89091450349
89179838453
89275091835
89151951539
+79241212121
89232335762
89162469643
89635534933
+79241738781
89513569586
89091040066
+79160777052
+79004850795
89370745421
89142335746
89191823534
89817793676
89267585320
89896148544
+79636626189
89087198712
+79632115582
89515033253
89171102828
89684704980
+79533514542
89287074804
+79113782464
+79618047142
+79853596587
+79128150909
+79642167735
89645674750
+79086069169
89087951521
89611608006
89112070631
89286116605
89854565714
89227337715
+79252333500
79522518761
89679043297
+79312743530
+79613598398
+79272518664
89523861124
+79062888713
+79152278413
89143696859
89082262868
89194421150
89162179060
+79529790886
+79263677011
+79534891408
89268222034
89270122115
+79026434760
89045558007
+79529660028
89274598000
89085710751
89523531527
89523603818
+79202097251
89055320023
89195571619
89030560271
+79213632733
+79116687661
89266201164
89251896522
89656258146
+79880773384
89508763917
89272452382
89879670838
89524219617
89128502880
+79241850638
+79092997337
89217510204
89137873510
89851298522
+79206920535
89515656032
89095909683
+79197068789
+79651080184
89372213255
89266510134
89373864246
+79312670100
+79655189865
89523860448
89641951499
+79214660790
+79615382957
79667966464
+79218778415
89308954829
89215113810
89506609400
89257144709
+79267651290
+79177079204
+79261341463
+79127306936
89103104127
89527903727
89042817252
+79117798792
+79832087001
89031266436
89833074739
8927OO66483
89088451496
+79052639398
89266681961
+79507572202
89524261534
+79021375785
+79154815545
89215133705
89826367840
+79876696252
+79653360266
89004589194
89514403319
89274008916
+79213371978
89039659456
89235366168
89246525502
89125807007
89045112711
89655161882
+79033393868
89172569859
89118446104
89141580418
89231388877
+79324709229
89105936407
89527321452
89375383907
+79003863322
+79605625252
89056757359
+79133107921
89156942043
89111537821
+79127316663
89033416076
89254690569
89208334188
89296245985
89035293994
89613903052
89171425669
89166666666
89139297466
89173823492
89151853700
89277566223
89158705433
89128845214
+79055543956
+79117156531
89216484748
+79204265549
89040551846
89298204288
89082920002
89371204783
+79211204760
+79279411000
+79679742507
+79657396138
89121747688
89046016406
+79159489630
89003561000
89038022954
+79224586750
89136855331
89041306019
89283032857
89102475384
89818981111
89030135219
+79216737899
89159348783
+79236361995
+79275791433
+79308433322
+79048848740
+79160218865
+79817378882
89535445099
+79505891217
89045036173
+79885507053
+79536525545
+79639210944
89137187142
89056842261
89085734644
89631072178
+79131000019
89662409872
89201716426
89525018203
89636214746
89236619941
89614240172
89080440862
89192344944
89257225322
89818058798
+79166858543
89805467751
89377094277
+79211884365
+79046713550
89237469009
+79062112229
89110183074
89042944547
89873338507
+79522143892
+79002227500
89229597155
+79876533385
+79069716151
89234216246
89324197354
89517398915
+79233103732
+79522909968
89150444557
+79269879545
+79067828176
89085599793
+79117788890
89803461393
89637569226
89081401111
89516955075
89233088030
+79107505825
89375372697
+79277075084
89137199469
89518434674
89514136676
89825046857
89021946468
+79189200700
+79114004557
89512105398
89511784577
+79114734849
+79282030000
89602440951
+79253595322
89180881727
89854319577
89042196618
89852741195
89103659876
89282700828
+79637496573
89811424329
89047654764
89137623102
89114594757
89563257841
+79372853300
89096359806
+79272424777
89241997399
89124677948
89136478258
89202706434
+79672704860
89205563250
89639679363
89191267310
89825436487
+79537046838
89192739453
89680301369
89606386334
89060781515
+79275331033
89210077884
89875754464
+79644540885
89204041500
+79872226313
89226475116
+79825077726
89293317305
89022752023
+79534197294
89522955787
+79295904805
89258459250
89104479260
89603728842
89093205731
89882589848
89210432075
89198518504
+79816840578
+79202162557
+79107778836
89058417040
89178563239
+79231698026
89274700212
+79296901635
89831226604
89029918995
89118212751
89512976234
+79295959313
89108888265
89246152921
89265499650
89186722914
89158152909
89613312545
89373314621
+79215479136
89193890760
89115585615
89279200540
89044565202
+79115301288
89513605001
89533677594
89128866644
+79315107628
89535302240
+79189847362
+79608354338
+79234402303
89108723142
+79507573327
+79128513488
+79046304438
+79080748554
89152002841
+79295366176
+79629920033
89205007999
89163014161
+79133441268
89062719965
79041590065
89526649681
89088711090
+79039011202
+79218998931
89538885267
89173979951
+79282479641
89651475681
89225684416
+79818785648
89244672632
+79175848893
89265500092
89055450008
89536856075
89089277091
89022853161
+79180769516
+79371385257
89042730513
+79119917419
89263864779
89833982263
89029276723
89129148448
89272466200
89219799740
+79142898619
+79115602121
89166978199
89213963714
+79157278009
89886696602
89525946437
+79258249523
89044677766
89226991743
89153031626
89525459902
+79019043090
89115329724
89278498680
89021315716
89174300833
89537718122
89301528705
89279499676
+79037240301
+79062665943
89134772619
89876552339
89254671622
89031396509
89630733348
89114833333
+79209885738
89081636326
+79232434734
89650055988
+79610492432
+79188828547
89060813493
89604792354
89194362387
89041882392
89375422755
+79227190634
89811694647
89686529679
+79675909490
+79112712759
89233178951
89113149902
89290879811
89274238707
89296077863
891080294XX
89167737549
89250267689
+79645630269
89615630975
89507579903
+79216412414
+79308076218
+79502010678
89121057699
+79040561936
89140028808
+79033445203
+79157474277
89166243749
89062621709
+79119950267
+79293988498
+79513530237
89053780200
89043960121
89194500003
89102727375
89048333654
89658998444
89067986582
89872710195
+79019043090
+79250787668
89160828800
+79177602407
89042920461
+79268305313
89042285878
+79817310424
89101418228
+79026677085
+79107519841
89271888719
+79153741549
89285445375
+79215832898
+79192445600
89126590488
89506135393
89373130297
89117533134
+79505568895
+79062988686
79315015101
+79200253137
89620183801
+79201994785
+79085701264
+79649858089
89106681993
89033220263
89873917537
+79636143028
89507275759
89832449997
89134767617
89645923762
89501750372
89612447655
89220622333
89068286940
+79372675477
89095599897
89205002307
89264159535
+79522019885
+79061818894
89502342157
+79199476679
89214637480
89522218659
+79046664626
89535024204
+79605248777
+79164773527
89212634943
89681272407
+79022728254
89045158353
+79657529490
89885049675
+79224178724
89621256110
+79604903089
89096570657
+79039271474
89521340850
89094243696
+79232433020
+79516621101
89823210507
+79049691370
89600404039
89615272577
+79293135050
89216445371
89196346124
89218491921
+79217230698
89122421496
+79037288980
+79277260046
89130246941
89191149638
89214814306
89885311005
+79260832333
+79277782595
+79889551025
+79818617688
89120688910
89509999999
89080605661
+79155267322
89151006679
79637457770
89682705698
+79128366155
89522427096
+79164284005
89627188544
+79091599213
+79853608354
+79520278713
89518488430
89224515294
+79511190212
89211695852
89123755190
+79062700830
89099962967
89052423234
89151142608
89095679400
89171233199
89060599304
89295177138
89220497151
89373692879
89539294623
+79024582844
89288768209
+79879524940
89157438335
89189938211
89054944607
89171077310
+79052944820
89517050093
+79217717050
89880624292
+79296650598
89526448038
89213814862
89657694470
+79503356780
89871868643
89120480656
+79521135596
+79129131353
89055627314
+79219289567
89167937311
89201594707
89507683316
+79254851027
89608428220
89115521983
89620711163
+79602382177
+79103635995
+79634422158
89506450890
+79139056389
+79160696050
+79112123873
89101303404
89093677000
89115658281
89233154420
89110263397
+79122431207
89058757882
+79098243316
79266529976
89515242010
89220388011
+79200448359
89231176177
89173024250
89112410840
+79162986990
+79528474266
89674739883
89600138449
89198764490
+79269267079
89514438689
89027620775
+79522142765
89264599640
89853000245
89252085000
89518076868
89150000000
+79874031987
89064230033
+79185602725
89520297840
89133792722
89825512713
+79220616444
89257950123
89172882848
89603184060
89202696557
+79118953016
89607959903
+79206970609
89282573380
+79052177524
89613498668
+79041084052
89637234988
89500150593
89522268863
89112350114
89296700712
89090975751
89044452646
+79164336670
+79084770691
+79639659777
89267298701
+79298431083
89268668959
+79278082288
+79214509843
89314059887
89814219220
+79028017933
89048873448
+79265571448
89618923992
89031402053
89876820365
89047653268
+79506758885
+79520654241
89094559192
+79110988832
89521112321
89112141182
89110815589
89507714035
89096525120
89379906688
89117198232
+79216167582
+79222681103
89126966086
+79195103252
89532410532
89046985221
89218496751
89082261632
+79039556699
+79042810000
89114157185
89517451662
89679102000
89536781302
89535219952
+79286264862
+79143081439
89164623537
+79030000000
+79057371130
89184050770
+79853888333
89606601919
+79082939872
89062473173
89009130101
+79086056424
89291652489
89002310931
89875261199
+79110084312
89119110319
89097767709
89638581223
89092164125
89044710472
89219961772
79167585549
+79147114881
89374384438
89513781227
89117402537
89160000000
+79818457283
+79823177720
89034766808
+79522401662
89680841906
89121817156
89165613253
+79602279574
89277485891
+79142223033
89277559255
89128293433
89046754092
89521331672
89153239729
89118034952
+79299943204
+79188888888
+79046385568
89162877180
+79532496369
89811477031
+79215729469
89185832183
+79859632242
+79823426640
+79277162510
89220441359
+79817994418
+79261475368
89525266677
89264159246
89826040475
89539694952
+79999999999
89091315448
89374048774
89875023525
+79043334957
89500109085
+79216546773
+79095631358
89854480475
+79110401895
89204174815
+79046131671
+79022810203
89851677699
89124930792
89053004537
89267110981
89650441048
89320535246
89500304003
89043148167
89626949889
89686725994
89055078117
89213943199
89214009882
+79038773777
+79114077373
89268200365
89096943845
+79628621247
89175050049
89174258269
+79537565555
89196504636
89066436189
+79115243256
89254113070
+79265910545
89092282204
89671425147
89516405425
+79112656267
+79298320737
+79214554142
89161360510
89262704824
+79212868832
89264460066
89853000979
+79046194844
+79266299175
89205067572
+79111498132
+79213050341
+79527872727
89532440063
89087296666
89110942432
+79622521228
+79231709099
+79118933146
89171819311
89099578686
89817791238
89193802297
89620266684
+79671593443
89052570364
+79021942421
89222639701
89517311001
+79126063760
+79060955880
+79535023103
+79151311104
+79210483938
89687948115
89042270658
89226582910
89272600113
+79028363320
89041068016
89137440438
+79243629136
+79208842078
+79209092926
89125895635
+79212838972
+79215710304
+79228487459
89263321435
89097162698
89130000264
89817750444
89185886329
89286656135
+79280158655
89168223372
+79204077017
+79118296589
89153091573
+79853004274
+79213756449
89264652261
+79253340833
89627053435
+79602031453
89273148989
89175711404
89038588848
+79036102775
89670103938
+79282341078
+79195565061
89817763149
89167097696
89217712837
89052131333
89851501412
89670185745
89217755055
+79817390888
89647834258
+79046464981
89262816390
89535165699
+79185973937
89030015999
+79031263969
89500233108
+79111947461
+79121324149
+79045568449
89522162401
+79506792158
89112987073
+79218997757
+79216541153
+79523743616
+79113343313
89219151252
+79032585087
89046434793
89199418317
+79112139407
89119606041
89516604258
89250831195
89048988886
89052262562
89165202836
89647105445
89517292352
+79615023447
+79114766215
+79185404404
+79052122462
+79629157400
+79213322979
89022441519
+79295709020
+79632456327
89117661284
+79516679848
89112141421
+79218171199
89180421206
89261713733
+79216504535
89110807226
89218710794
+79261111376
+79110631110
+79650712863
89627132255
89523730007
+79158955669
89165475233
+79636549948
89046088677
89532657736
89522386811
+79031139997
+79215577444
89114530696
+79607814333
+79217677490
89607359117
89525257669
89265612715
89215581398
89118206596
+79213285638
89883666066
89013014065
+79119804135
89046396988
+79215941998
89052088248
+79217653073
89325505020
+79111507370
89218909685
89045561883
89525433716
89111939073
89046446041
+79110270187
+79262760441
+79516415726
+79214124374
89045500046
+79500240000
+79111589369
89523571018
89032298218
89052846603
+79312005302
+79046153553
+79057785638
+79269149747
+79263361991
89219542791
89095854045
79219787288
+79219226174
89169201135
89217828366
+79262053187
89052859842
89267873726
89522114085
+79288513121
+79214047309
+79411234567
