+380631212608
+380991494902
380662579207
+380951723708
+380956582743
+380504723972
+380951518877
+380951122130
+380000000000
+380684794572
+380665793978
+380997871709
380937781614
+380637207816
+380672677777
+380952023577
+380983322218
+380970260617
+380939861340
380636446893
+380934647648
+380952413180
+380999511725
+380939250188
380955680596
+380956335265
+380682610475
380631061304
+380993933980
380963556317
+380632215603
380983775444
+380997490964
+380665584874
380507191814
380509909371
+380991538092
+380947114824
380688381349
380999783315
+380934395743
+380954919953
+380951146241
+380952197514
380660772102
+380639373894
+380933749024
+380632530209
+380991996414
+380634334673
+380665795162
380999379992
380970883213
+380934092366
+380934082514
+380934082518
380930910673
+380997651530
+380934082525
+380500210434
+380936386181
+380919803876
+380987563477
+380668525174
380687885426
+380956408887
+380671445176
+380672812573
+380684485058
380956114358
+380634312777
380979128208
+380507267871
+380677355559
+380509742980
+380982017720
+380950405285
+380971367633
+380636607268
+380509970506
+380953061172
+380502427390
380635642301
+380994092773
+380952945159
+380664710698
+380950196921
+380635764182
+380984562362
+380956934325
+380686240576
+380644361488
380508526396
+380637863470
+380993951555
+380661838811
+380988157740
+380952047188
380683964361
+380500378093
+380997337719
380994052196
+380957316882
380665831803
+380660147280
+380672044990
+380662062679
+380633654730
+380950782034
380974278256
+380506741966
380666145875
+380954566340
+380505106088
+380967815039
+380664615369
+380954430541
+380997623667
+380669028669
+380660129538
+380669543119
+380683306019
+380994501233
+380502449667
380972990143
+380959012303
+380965545123
380665746957
380956546029
+380508724325
+380677777577
380991448691
+380935111324
+380992031445
+380951483188
380669229945
+380505207902
+380935012705
+380991357682
+380951342000
+380668819030
380939672985
+380683050714
380987629472
+380950252356
+380509502484
+380958984360
+380952442420
+380954161523
380952452276
+380636837181
380958871254
380956379237
+380665037387
380978730345
+380637904917
+380950555956
380662757482
380666510338
+380633731921
380687204443
380997796338
+380506614068
+380991979801
+380638920597
+380500120996
380501073770
380500198424
+380939702990
380505431468
380672807456
380993933863
+380983489336
+380634396728
+380994064806
+380994076280
+380986732161
+380984842517
+380508767395
380687825630
380997050061
+380956136336
+380934871341
380973100519
380639887408
+380930209201
+380678831119
+380991872361
380990633430
380663856007
+380692584122
380987263061
+380956380337
+380952093976
+380508019828
380933831237
+380990788024
+380935361507
380638960592
+380952109348
+380950228979
+380667051752
380935890241
+380971165962
380999291928
380636352937
380636597579
380953188304
+380951678315
380999569789
380662219528
380936586359
+380994715193
+380663048548
380975848236
+380994008316
+380932039756
380668502568
+380937266797
+380663159563
+380993253418
+380996756543
380992043000
380986636653
+380956562874
+380994840481
+380968997411
+380993562327
+380667451224
380996380840
+380951989072
+380937655667
+380631566495
+380957302272
+380933953331
+380999830048
+380630350772
380955802095
+380933402958
+380933637491
+380957169659
380975452523
380937523338
+380661119590
+380968238336
+380664445077
380501873833
+380634172455
380939769902
380997651606
380662518842
+380669688066
+380685313834
380987751348
+380988609430
380678901245
380639571228
380507410235
380953368277
+380966853314
+380983027741
+380508617130
+380992789575
+380957578591
380998527432
380951250677
+386377782455
380992846722
380969788652
+380994004757
+380991158782
+380967481237
+380937523338
380931443428
+380966393192
+380500000001
+380954505904
380955681572
+380639874596
+380684482283
+380501468231
380983491898
+380671821179
380991159847
+380978401643
380972464648
+380502215263
380961513459
+380660224856
380982070+++
+380631425444
380632876831
+380990983400
380961115245
+380934567890
380683847631
380661521252
+380980226288
+380501857108
380997108871
+380950235823
+380999460143
+380668796190
+380986550236
+380665522765
380983509048
380975610700
380991364977
+380505450682
+380971989177
380990850280
380508281981
+380666666666
+380976917042
380505671835
+380985621263
+380630507507
380978734631
380991222348
+380663286563
+380502297436
+380972535706
+380634300573
380662930298
+380678336121
+380992381684
+380934567877
+380991371536
+380981138042
+380989063054
380982938171
380992587432
+380966575856
+380684355525
+380500336551
380950542861
+380680792711
+380997127284
+380671081600
+380999452913
+380990602508
+380662081814
+380955155097
+380668863488
+380994717785
+380635309969
380664581516
380993651223
+380674482242
380637833390
+380967152658
380997188171
380631557392
+380990233526
380995463337
+380933045250
+380958614959
380967293846
+380999474157
+380509982821
+380997121073
380936635704
+380931129363
380662852169
+380680703097
+380991351076
+380687824029
+380687471663
380955160859
+380963946063
+380958587187
380668848020
380664386636
380661102947
380964415177
+380994219502
+380965555530
38093823483;
+380975103776
380638452523
+380954263527
380671590826
380635376689
+380992808946
380993861047
380971881618
+380671888248
+380999463107
+380668284435
380970081139
+380996239163
+380993631029
+380972426670
380507608179
+380959148294
380975246228
+380671502577
+380660091335
+380671027492
380966620364
+380676502469
+380995162706
+380665938013
380962044267
380986823201
+380996805054
+380984729572
380993685054
380675157289
380964572885
380997094938
+380668818540
+380501414240
+380666964081
+380665457051
+380664673152
+380665816336
+380996272225
+380997572989
+380638081680
380631153465
+380935409218
+380671299068
+380999733356
+380679967605
+380637345987
380500892588
+380992778488
+380665175603
380983822076
+380501479624
380662688489
+380687830023
+380954039812
380666365958
+380991235320
+380935888885
+380958283233
+380938935909
+380992717499
+380995401035
+380956286146
+380663291666
380937711272
+380990484160
380666666666
+380676892557
+380661374804
380507408510
+380933625859
+380957547035
+380666125533
+380635766918
380987834407
+380970608646
+380959329992
380968200781
+380966875590
+380970493512
380950219014
380638042228
+380680480579
380960624691
+380673156435
+380988744775
380505163848
380666739172
380677662709
+380663304881
+380976683226
+380951691950
380999464483
380999145197
+380997811643
380973562896
380689458373
380633168851
+380509681603
+380957190380
+380937918645
+380994978609
380936556309
380635664374
+380999168721
+380504225584
+380661130679
+380980720854
380669775733
+380630279716
+380997450604
380953508743
+380503005065
+380960408968
+380997110920
380665683989
380661559240
380954327448
+380662256708
+380661646721
+380509640358
+380990555245
380977359428
380665993049
+380508842563
+380509203105
380631218210
+380954071334
380997526090
+380972354296
+380661343648
380661850397
380990245995
+380973071663
+380991129849
380955192930
+380679110303
+380671008068
+380981209519
+380952264815
+380994459579
380991141463
+380959242582
+380991549346
38097423520+
380970321875
380954565263
+380919555551
+380982665140
+380995678432
+380999408421
+380665760211
380965751881
+380958582851
+380997523569
380668604094
380669394135
+380954143006
380663385989
+380996545324
380951538935
380672697084
+380682119030
+380689951048
380502426816
+380953075391
+380965221009
+380999176800
380972052321
+380660065055
+380665831803
+380983898438
380662975909
380937485098
+380919844432
+380993702044
+380506126669
+380501880455
+380973903785
380663309943
+380636492676
+380955469543
+380501570038
+380660994352
+380677884082
+380955732032
+380995377308
380507884901
+380660997392
380661302686
380988994757
380508786576
+380665842657
+380500416596
+380668773056
380666056851
+380991107952
+380958625806
+380669826429
380997616388
+380984059214
380978345767
+380950393615
+380502720300
380955673387
+380636363663
+380664645234
+380684975408
+380665834777
+380989230150
+380951362405
380503988838
+380960571844
+380956414496
+380666173143
+380500366988
380958464907
+380989120071
380635823283
380957455702
+380994986435
380955012749
+380669106206
+380632083619
380991950105
+380994163505
380932311201
380671794205
+380506712757
+380979240188
+380680909230
+380660186996
+380662028835
380664362867
+380994679124
380505517167
380954269610
380996740621
+380661530070
+380972801348
+380676835517
+380681802922
380671934719
380990693810
+380505116829
+380957384917
380637421961
380956260738
+380952498989
+380930507491
+380931447777
+380502298249
380995296585
+380954088688
380661213407
+380955251664
+380999881344
380633676224
380673099471
380634450657
380662068228
+380959223084
+380996025254
380975307723
380667057762
+380662776318
380991498940
+380994460433
+380999470994
+380997189770
+380954123632
+380956734598
380992258380
+380990000000
380500375999
380602497966
380501598901
380501736518
+380958568277
380983775448
380968726022
+380505345460
+380999653472
+380983023907
380678134365
380634485386
380972763867
+380990991608
+380669910403
+380951950191
+380687796942
+380660632278
+380685190663
380680018899
3809940+++++
+380957687338
+380506817224
380991503098
+380935256122
+380666000056
+380993933858
380636258472
380937187923
+380999092433
+380633624294
+380939890882
+380957547647
+380634649701
380976780563
+380660466947
380938495993
380507820674
380957123+++
+380962972984
+380951159375
+380963913700
380956234593
+380678705629
+380665554567
380999017145
+380999348168
+380930241090
+380953473943
+380955555555
380665107430
380950970960
+380661693743
+380689114038
+380634702712
+380633644607
+380685470055
+380668873257
+380668806036
+380662726557
380508138364
380968644146
+380956510286
+380990652583
380505774002
+380994326676
380636777358
+380677778581
+380939362200
+380953219021
380508405867
+380965715529
+380991587227
380990829054
+380973969981
380501621115
+380666666666
380991734833
+380936346700
+380666666666
+380685142722
380668291503
+380950237902
380995154160
+380958915357
+380660394188
+380665666606
+380983522240
+380938560046
380684420888
+380951205067
380988082090
+380977913020
+380999349213
+380951466953
+380985649048
380500281978
+380990689290
+380663886234
+380954139624
380664856499
+380671002575
+380501234567
380982012173
+380999277687
+380665422191
+380996482542
+380668292573
+380969786319
380997024696
+380993697096
380987918856
380666077413
380664665085
380952192949
+380675421741
+380953717850
+380932999745
380950530507
+380663271790
+380955205931
+380669315965
380974567848
+380985214639
+380508034480
380671258738
+380660731037
+380993557599
380968120397
+380666547038
+380669747954
380685322554
380957108559
+380678579756
380666682231
+380994702578
380971223638
+380958098656
380986564867
+380633321450
380997583196
+380506102012
+380660003233
+380971598478
3809655876++
+380962906496
380632860572
+380985974592
+380689442202
+380508069398
+380939144636
+380991721229
+380994310417
380660898292
+380995033544
+380986653026
+380675445384
+380959211865
+380637649533
+380995008450
+380995654024
+380996068064
+380509703472
380662779087
+380667794562
+380630543329
380935146033
380953250525
380988687644
+380991608899
+380981753139
380639520931
+380952031140
380951338656
+380509301492
+380501382857
380937195148
+380660070779
+380991330465
380631242363
+380666859921
380993894678
+380950085817
380662261978
+380662275573
+380666548119
+380997748311
380509326278
+380953613652
380953919895
+380991956145
+380664145025
380990089555
380951014312
380988126656
+380664654667
380958978554
+380955841387
380953814495
+380954645735
380634940670
+380671879455
+380971817579
380995333514
380667657397
380687272187
380671578300
+380632311872
+380964478000
+380680358464
+380982906557
380990677056
+380930255373
+380665876354
380505673367
380981761294
+380956180434
+380953164749
+380501392959
+380997309044
+380991179553
380988741369
+380509597804
380958058461
+380996803895
+380674532653
+380662495140
+380985871595
380953377!!!
+380955555555
+380950286787
+380959481931
+380669805144
380979360452
+380972285368
+380668182360
380669457974
+380992300874
+380934067387
+380660887681
+380507021929
+380952106362
+380509216074
380668376067
+380689690305
+380506265663
+380990339997
+380990323666
+380664934813
+380964677265
+380997384951
+380951451147
+380977766961
380683350513
+380935167694
+3809547@@864
+380960417582
+380993392172
380955985201
+380985446340
+380505495982
+380677454904
380683148952
+380965813360
380951225978
380636802795
380966076809
+380662163618
+380501897029
380666525634
380661784581
380665487882
380984580610
+380991261543
+380507671862
+380505656097
+380956980401
+380951293543
+380984411370
+380639324596
+380991228204
+380957284098
380994720494
+380675957440
380500646415
+380951514523
+380991560875
+380959320286
+380963976139
+380508755351
+380955390774
+380500509322
+380992773714
+380443908636
380636388177
+380978438327
+380952568611
380980425153
380665817321
+380937715983
+380991624910
+380501235673
+380991863454
+380937422000
380507409739
+380632745343
+380994485831
+380505709890
+380955143777
+380932533123
380960651787
380990507764
+380978419960
+380956622719
+380666666666
+380635718787
380664904448
380679332406
+380950548871
+380660757511
+380988658333
+380635901956
+380989460519
380992211863
380983229804
380976611221
+380671135256
+380953876157
+380950034451
+380952910043
+380960534003
380632444121
+380956508356
380679307749
+380661363860
+380958161343
+380632438029
+380988087828
380961915065
380987263061
+380505257454
380934554975
+380994460072
+380939421411
380673950809
+380508259044
380636789066
380632513465
+380968802769
380662365762
380636271771
+380972821843
+380991247557
+380960384164
+380999448222
380663324307
+380950081908
+380667522907
+380962842285
+380662137321
+380993954586
+380662720912
+380639324204
+380955745702
+380930000000
+380999208333
380987414392
+380951595737
+380669102902
+380506825578
+380992513653
380950264583
+380508455238
+380678858620
+380957473024
+380919023698
+380678785390
+380676995679
+380993942899
+380956406805
380545646778
+380637221492
380939386579
+380632429687
+380685733424
+380666050626
+380956669918
+380970768621
380505213459
+380502518582
+380660000000
+380975891546
+380505857621
+380997403517
+380635939826
+380668022080
+380993821426
+380955066090
380992499832
+380677193062
+380502177792
380971595359
+380993526910
+380934254681
+380666813420
+380936215955
+380957728727
+380956148101
+380638823004
+380661021020
+380953507424
380968202903
380961044432
380937865062
+380505274741
+380951022550
+380682539302
+380666974038
+380662965843
380970463996
+380636389390
+380935209631
380970439329
+380990237331
+380509848756
380677522059
+380987775047
+380970009240
+380984860746
+380958131894
+380661597566
+380501318514
+380991881168
+380637868039
380932339314
+380971746749
+380502766161
+380662750852
380633419910
+380935686237
+380506475878
+380953189133
+380664644528
380638911310
+380937254869
380989567439
380935168214
380660294322
380936960644
380954731378
+380500378010
+380994751374
+380660881648
380966500000
+380667538322
380957133319
+380999614252
380952238458
+380666589215
+380999999999
+380969229160
+380930493879
+380958298307
+380999635258
380500308243
+380994079595
+380667042152
+380956603984
+380931833990
+380983732857
+380663247539
+380989925884
+380501834037
+380956755452
+380996031030
+380660236368
+380939730741
+380661986971
+380997936212
+380501480692
380997723830
+380990880546
+380992399410
+380638652222
+380663356540
+380999999999
+380669356859
+380635639762
+380932301384
+380669736179
380502443500
+380958547184
+380500377683
+380507821781
+380977644541
380955672772
+380991656203
+380669349545
+380501944183
+380501805826
+380988564645
380987567355
+380986218950
+380997234842
+380637344136
+380957420062
+380660969506
+380500234247
+380505355518
380979773534
+380999777159
+380684137032
+380505149434
380993642560
+380660232058
+380955439546
+380506453310
+380990645111
+380502288860
+380999186170
+380989898001
380969688351
+380631421187
+380996265835
380956439947
+380664398223
+380999708519
+380958404683
+380985754716
+380997033006
+380681620954
+380958835395
+380505252522
+380997466341
+380630328691
+380954888775
+380993356644
380669600461
380960938001
+380997786585
+380997572608
+380950405285
380505474879
+380507068169
+380970430750
+380938235822
+380666672366
380966298202
380669974286
+380976538948
+380950289965
+380660263610
+380932033556
+380962215335
+380958385253
+380963027342
+380665453216
+380506042158
380981240832
+380998268642
+380680804653
+380997563243
+380958568378
380958332063
+380970988098
+380666571841
380634224578
380970359426
+380501020091
+380501086775
380938191160
+380660097008
+380935162702
380663848468
+380503435417
380966217129
380662903353
+380951047937
+380663015893
+380668595029
+380662492794
+380668179974
380999632301
380961363866
+380937240028
+380957476190
+380500380190
+380639832238
+380951231400
+380667074478
+380930020857
+380999469041
+380675600127
380663156973
+380668935600
+380954558081
+380950758252
380999999999
380508783699
+380661682681
+380969495516
+380959302280
380939335341
380976699027
+380951040144
380986458400
+380992410702
+380986135335
+380963354587
380669987645
380999090578
380660753898
+380962106626
+380995417073
380665785348
+380935688345
+380951715977
+380995060424
+380508088132
+380997841078
380937424437
+380685322022
+380955364782
380636268497
+380506888162
380952492480
+380957995702
+380996807098
380668751869
+380509904737
+380934624953
380661501254
+380991130330
+380664780524
+380990303049
+380667530327
380985717912
+380987825559
+380938238092
380996267554
+380500310070
380956837579
+380669037747
+380508653353
380968473578
380686480685
+380660653304
+380955070906
+380506680261
+380938858195
+380994522649
380507404255
+380993772420
380500646415
380957097876
+380505148950
380632025080
+380662017101
380669433234
380957365171
380664672192
+380993064244
+380957066983
+380634923121
+380636429970
+380669645619
+380632738634
+380997972747
+380991739736
380957331774
+380666319697
380956713812
+380662184967
+380665102576
+380667833125
+380957952425
+380506775004
+380639774044
+38097238XX80
+380968447800
+380964517617
+380951203972
380951570047
380669969982
380636360941
+380974037646
+380638720137
+380955700460
+380996659585
+380503514866
380966123456
380955852404
380668791143
+380934303923
+380933285078
380954725272
380671457887
+380951274889
+380000002211
+380956848534
+380956000478
+380508090489
+380636372406
+380951932000
+380951516072
+380997049168
+380930603566
380969903360
380957167738
380996727312
+380951789336
+380636284502
+380661964641
+380508806271
+380951118727
+380995674393
380999817310
+380939524128
+380506724633
+380684352704
380999044117
+380989776049
+380958881398
+380992114505
+380958110697
+380500480906
+380957300262
+380937493345
+380951719884
+380506077796
+380668885625
+380974804906
+380974551653
+380994747470
+380990100803
+380990969342
380969695835
380051468485
+380937066348
+380954187902
380960113112
+380954321522
380500366702
+380952458731
+380933144161
+380665255227
380506581609
+380997035277
380957423892
+380677422813
+380639464070
+380957075519
+380951568594
+380996055417
+380500000000
380979463603
380506337115
+380970057248
380959023301
380671385707
+380509106901
+380505527981
380500371229
+380958692220
+380996541404
+380509282964
+380950634367
+380665764578
+380953577875
+380956854913
+380993292241
+380508643866
380501326302
380686989621
380980359820
+380955373835
+380975991285
+380661438309
+380501807382
+380509661875
380984273893
+380991311545
+380673181270
+380675856890
+380954931183
+380950177245
380507761341
+380979340183
380666483817
+380997781371
+380660507815
+380636401260
+380669234709
+380636279762
380934962366
+380937892585
380994918270
380663741249
380990801196
380777888999
+380990829151
+380952216586
+380953689278
+380958236551
+380660116971
+380958124088
+380958770891
380991522685
+380956600204
+380990136977
+380508278635
+380939239779
+380999573199
+380999071043
+380958848389
380990106308
+380505345754
+380505668466
+380667131096
+380957808484
380931549373
380687808495
380954406279
+380508207768
+380662222333
+380983442981
380999641755
+380931845355
380664624805
+380955327339
380966092654
380631640818
+380992698389
+380937867829
380667899887
380967196861
+380997626388
+380994840183
+380662279262
+380505562025
380930012962
+380958025485
+380662337768
+380509578005
380937933893
+380997047270
+380931492652
380956490787
+380670000000
+380000000000
380956215087
+380993005861
+380660272931
+380978876997
+380991537136
+380966110387
+380997016963
+380638187614
380509437595
+380633993169
+380994790912
380664631682
380951854033
380500347539
+380501034250
+380665653767
+380668432629
+380983622100
380935450394
+380937381530
+380637851115
+380992753305
+380685500633
+380679190588
+380668205840
380969781674
+380959078650
+380506520791
+380966504433
+380665095563
+380990384148
+380992171629
+380974801263
+380506676955
+380966944719
+380958632415
380505902263
380669310340
380993048650
380951101317
+380684114510
380951828535
380664903218
+380505255769
+380506453280
+380669491631
+380932896938
+380990266452
380970555985
380981890999
+380995428731
380506518365
+380950287476
+380930710379
380978071944
+380669855756
+380958811117
+380930338553
+380966868319
380509618183
+380664925453
+380632257052
380505968628
+380990885183
+380955908105
380955622149
+380993606939
380932312729
380950165631
+380993443326
+380502764628
3805019@@@@@
380953068219
380985467597
+38093629XXXX
+380665694801
+380677110387
380968844752
+380935039021
380938131478
380980901610
+380953590368
380637502562
+380501962795
+380930506509
+380662455170
380939689809
380509593633
380995088191
3809340949++
380505635106
+380952112018
380667521707
380636919405
+380995051782
+380502354627
+380663277511
+380996281224
+380994665403
+380935853302
+380964921400
380999184744
380931131448
+380951987691
+380500217200
380978576641
+380995100183
380963603297
+380637065545
+380633880137
380508605701
+380500216534
+380668900143
380932877352
+380509283176
380950294619
380972557911
380665464469
380953887928
+380673598933
+380968481948
380630000000
+380662057428
380667716005
380669197827
380992501277
380932085973
380636919563
380509007338
380992609058
380507118320
380500482337
380933459712
380983927574
+380506981117
380968009847
380990956515
+380994829138
380668418985
380668384182
+380501006469
+380994865527
+380506406279
380507453278
+380988057932
+380680222238
+380951289423
380660262352
+380509747309
+380952065551
380939603615
380502224290
380635899160
380994777894
380665895024
+380997155972
+380992871261
+380999610375
380977646233
380991470070
+380992932848
+380999999999
380997227970
+380508052665
+380976411630
380991178645
380933066204
+380668915576
+380990045138
380983404085
+380971798501
380667012338
+380953274750
+380666675253
+380665335030
380992522128
380957787963
380556004356
+380952249110
380975563303
+380992531133
380971494549
+380503637663
+380959011131
380660943523
+380995028524
+380932878024
+380930198062
+380995071352
+380680061213
+380951939867
+380677117222
+380954313353
380960780106
+380997756685
+380994712947
380997897579
380502897989
+380660420809
380975261393
380938221099
+380974297403
380639539629
+380505979363
+380688711778
380951841925
+380997399448
+380990553707
380506973186
+380937252280
380660157987
380506137379
380990626610
+380671008792
+380958582385
380+++++++++
+380970865877
+380967752458
380950218407
380958100171
+380668418057
380975723353
380950971946
380668544071
380994429536
380991611895
380984131034
380664905614
380955614373
+380958901186
380963786+++
380502687583
+380976923933
380631721917
+380988585364
+380986318319
+380501302002
38063626408@
380995381420
+380951462591
+380951983590
+380995278952
380938309338
+380957720549
380663309943
+380508580470
+380666329677
380999259072
380992275645
380951688728
380978242514
+380502556031
+380685731758
+380501597129
380685328314
+380937156862
+380010101010
+380457349826
380668778350
+380936338390
380632194704
380500464560
380681112233
+3805076XXX68
380964846413
380966203914
380635906237
380997316879
+380933012704
380663733464
+380634153910
380969336797
+380939092353
380665534854
+380678421735
+380637583320
380951034220
380976733421
+380636559819
+380993759613
+380662886601
+380993728952
380660358654
380668450667
+380669687624
+380990293845
+380000000000
+380631096936
380932287777
+380958863891
+380669966975
380636764049
+380508108329
380676983945
+380633645657
+380635556662
380633275234
380992181474
+380663613106
+380950986768
+380966314837
380982969404
380995682043
+380508725348
+380954640431
380990385347
380666199806
+380955363896
380957998121
380954779602
+380951160776
+380951671729
380638597722
+380999151652
+380993824719
380937142343
+380508436518
380971056436
+380990875301
380991344844
+380992210307
380667138030
+380666000476
380505682784
+380674958898
380992505811
+380988512589
+380506243988
+380664064080
+380663823588
+380962568009
380964040910
+380939761447
+380978677054
380953006291
+380957317679
+380935138966
+380991434744
+380506881748
380931536584
+380986902087
380953500394
+380966080814
+380675993141
+380634486766
+38068XXXXXXX
+380959258383
+380668667541
+380992937973
380962016796
+380508238370
+380996694465
+380505977353
380963087537
+380956333973
380981284684
+380664548701
+380669379992
+380500429214
+380966568303
380966528206
+380501684243
+380984427551
380664932308
+380505706294
+380668804115
380661222643
+380995181592
380955330249
+380995480454
380637448116
+380667003698
+380953652202
+380663102511
380632963098
+380994142670
+380660892302
+380509363810
+380662384095
+380501517514
+380950468898
+380988383313
380687831995
+380505953691
380990000000
+380976617155
380983025235
+380639425438
380639744036
380679552146
+380965076699
380992130882
380663223379
380638897252
380990244437
+380958460855
380507727468
+380507582826
+380951335755
380994711998
380999784138
+380638785995
+380953374441
380666551278
380978616307
+380951670420
+380995580892
380975245326
+380936083344
+380685748961
+380999517015
380997513164
+380663608332
380678631320
380993259437
+380931083452
+380506830974
+380953773664
+380669277934
380987867344
380959254980
+380506414419
380677194977
+380680481368
+380501651795
+380507069965
+380964878373
+380661752816
+380969879944
+380669367830
380973361981
380951980681
380970245732
380509758107
380957456715
380501534966
380956248790
380997674593
+380506531072
380962843054
+380664108081
+380974539215
380982708944
+380955203963
380501896940
380999756244
380500609685
380975025925
+380930291204
+380502604025
+380934521174
380515488908
380500527022
+380935966997
380996651708
+380999804724
+380953427451
+380958653975
380999545004
+380639889185
+380961892649
380973423699
+380635377297
+380954365148
+380965893906
+380979175531
+380508856283
380999302026
+380951717177
380971295222
381245678921
+380632634923
+380668936547
+380952421826
+380505353947
380507403402
380993923448
380687646026
+380950513686
+380635732341
+380667424799
+380663732191
380950540389
3809784@0@9@
+380666923570
+380508192805
+380964716391
380971963217
380983542533
380663113518
+380954866491
+380638030100
+380997646665
+380509379992
+380661933439
380638714297
+380999443066
+380994037747
+380664511970
+380954515235
380667270576
+380996448103
380973723308
380937903679
+380999309428
380957990779
+380678677348
+380506708718
380959085912
+380937317988
380976881796
+380997815951
380987651980
380636134871
380993212929
+380931370877
380502227569
+380953998903
+380970760523
+380660885937
380634504385
+380661451907
380956163097
380505634894
+380997703121
+380660190600
+380991908251
380688616517
+380956078272
380678790666
380965432146
+380674993022
380965909967
+380963539681
380505769782
+380998756427
380960000001
+380993587238
+380932632593
+380669682085
+380939329343
+380505178286
+380969678454
+380666365958
+380997024543
380662556086
380979933562
380938391499
+380662244130
+380668451087
+380937970584
380668343912
+380502854342
+380664742816
+380660182394
380631027928
380508855104
+380994174811
+380937834732
+380955277736
380957868796
+380951331833
+380984108120
+380508655394
380976777664
+380687643946
380639495108
+380631302502
380971597712
+380996261852
380935034675
380954545826
380509376420
380966379389
380962150146
+380958420425
+380964395333
+380958674397
380990437306
380931423235
380958064302
+380939456476
380958672455
+380997053394
380506077314
+380958879749
380975913635
380956019066
+380633252767
+380994758610
380951077105
380507573372
+380994053352
+380507498139
+380965606550
380986018286
+380988246770
380950299237
+380997202902
+380500215303
380500371067
380994916269
380663332441
+380985624340
+380507693657
+380999833191
380955655207
+380669615844
+380504867894
380000000000
+380990184375
380998888888
+380501845972
380999777888
+380660110839
380662918511
+380930643224
+380952076019
380500379016
380958554424
380955084901
380970552677
380976103129
380660828927
+380953849761
+380932365661
380968805291
380507008059
+380966295269
380660991342
+38066727057@
380688368894
+380507682300
+380938113917
380997925156
380995667719
380932294442
+380970542246
380500596626
+380990262690
380999180471
+380956070691
380951391584
380687831713
+380935772294
+380666335505
+380952139965
+380990642212
380501344638
380955149230
+380952415134
+380669778788
380636399692
380677303959
+380660245328
+380995158444
380994582645
+380660880790
+380633380259
+380999066098
+380954806732
380999102584
+380986199073
+380934298525
+380506157245
+380660570469
+380660732623
+380952543084
380638337727
+380996287299
380987232671
380660834195
+380958575394
+380960358443
380500584205
380934224986
+380506276033
+380950818688
+380972308015
+380951517728
+380952211368
+380938940437
380635685596
+380995596420
380966525630
+380506578645
+380991947724
+380500378093
380937781614
+380500399501
+380505493668
+380961897523
+380952040662
+380631677849
380999880258
+380933322074
+380505161826
+380954564644
+380953867438
+380990743786
+380636783092
+380631038900
+380508717531
+380960815944
380973538440
+380994207708
+380953647145
+380932737222
+380660851526
+380508292272
+380668063791
+380952461983
+380999614603
+380660851037
+380954667670
+380632451575
+380993658980
380661892121
380671834621
+380509886324
+380666666666
+380990339144
380502905587
+380980354202
+380504772687
+380938177503
+380959147111
+380506887875
+380955368257
+380677185349
+380953474917
+380990983822
+380935589926
+380933468333
+380663282545
380637399503
+380501593465
+380990533629
+380997646204
+380999179929
+380994704738
+380989272470
+380999674674
+380951877332
+380506879527
380955379331
+380951903237
+380661121278
+380935040855
+380957988162
+380997735822
+380679810134
+380999150621
+380668118313
+380668031922
+380667266352
+380999374172
+380986513692
+380953717138
+380502444910
+380991258387
+380661274147
+380990065776
+380965620681
+380954313890
+380993949856
+380976719203
380932187893
+380992288358
+380988444460
380687394204
+380666171224
+3809504646@6
+380975661428
+380994461407
+380509127569
+380964123266
+380950320217
+380506866912
+380965569335
380502623230
380992372422
+380953244752
+380668325430
+380505150714
+380504758485
+380501971488
+380999085721
+380689951158
380955353910
+380959120781
+380957303252
+380501799951
+380671187267
+380687934825
+380976677~~~
+380932363986
+380660972335
380508868516
380992689331
+380951203972
+380994546906
+380992221743
+380509682497
+380958050394
+380636210015
+380951289587
+380936781952
+380954435644
+380661637976
+380954212685
+380954300137
+380669163846
+380991639972
+380990336257
+380990087654
+380976793696
+380666359423
+380959006029
+380991128474
+380996337990
+380953565813
+380994148828
+380666156197
+380666631923
+380504289252
+380500464771
+380502506080
+380679714+++
+380955099202
+380930393031
+380681064577
+380986712657
+380962827320
+380634457422
+380632431219
+380957821257
+380635487388
+380660808805
+380501633497
+380660913352
+380668910841
+380997891908
380957842612
+380664110118
+380954385697
380999860186
380933819032
380506543324
+380993747619
+380968422242
+380505381074
+380508523548
+380668873449
+380959258884
+380970095482
+380932086951
+380953094306
+380959113251
+380997221217
+380991358172
+380999082032
+380981222517
+380996376360
+380990905603
+380664086836
+380951392278
380951471869
380930722623
+380959011861
+380660914015
380984487381
+380501478105
+380964184887
+380994649851
+380664740358
+380636202094
+380636280532
+380660405315
+380976492278
+380959149299
+380962383424
380968523093
380000000000
+380661500687
+380994659466
+380996606096
+380936643549
+380965732645
380977699814
+380951642342
+380967629700
+380673493901
+380509771195
+380994549542
+380962315296
+380953515891
+380990437351
+380507125068
+380958457942
+380965806060
+380950755835
+380954666367
+380506161400
+380988355750
380678656200
+380666739740
380500789558
+380951679592
+380502022759
+380634129338
+380506143314
+380955403090
+380935561368
+380990678253
380959160108
+380995216181
+380508440118
+380000000000
+380661277815
+380669939380
380665144028
+380978162149
+380993740796
+380506450142
+380990289516
+380999521462
+380996723771
+380661238001
+380997398326
+380984256151
380638074312
+380930069847
+380990493533
+380509379992
+380662653373
+380660823157
+380957427308
380996060386
+380990372613
+380993550620
+380509002541
+380951681396
380964391095
+380663174260
+380934669928
+380635857670
+380662396980
+380635783407
380501645756
+380505761785
+380661306877
380989358646
+380993581071
+380990282232
380662300062
+380664762411
+380991907678
+380669251625
+380502902283
+380631188215
+380951828405
+380991064610
+380954936170
380932080261
+380991308971
+380982402348
+380676002808
+380999051638
+380996196841
+380982373969
+380954617414
+380664908147
+380954026656
+380995005080
380631135575
380960723282
+380931940760
+380660936771
380502410771
+380999180348
380968744721
+380638085908
380994697629
+380994109603
+380932869929
+380958949686
+380999554449
+380970624012
+380958170172
380970834438
+380666915312
+380634018226
+380992115614
+380999222327
+381656428987
+380991597682
+380952595266
+380660657231
380660852397
+380961286271
+380953991422
+380932571091
+380992463991
+380952508997
+380665666356
+380954234572
380990724402
+380990515423
+380507125504
+380956092737
+380506320804
+380667098601
+380689506536
+380664638033
+380987554223
+380967071198
+380995350614
+380952196354
+380953633146
+380664738869
+380996644183
+380695786765
+380950378702
+380507372370
+380509124557
+380955145468
+380509758242
+380631803876
+380677305650
+380669392573
+380500210335
+380500509629
+380994871549
+380939021891
+380637110997
+380502258579
+380633586258
+380955149109
+380123456789
+380971473232
+380990160639
+380990846914
+380637382559
+380937421666
+380990043676
+380957711705
+380500323@@@
+380968060392
+380660809059
380958467906
+380972811958
+380662041773
+380508208019
+380938506278
+380959183776
+380506516708
380967431460
+380958791377
+380636328616
+380509645412
+380957506023
+380503185669
+380970725889
+380934464828
+380505304533
+380632997355
+380667050096
+380501923850
+380953026077
+380952220148
+380500519525
+380983463513
+380993737413
380937240613
+380993016216
+380973653252
+380665536835
+380951792791
+380504246580
+380954120006
+380671829359
+380991247738
+380992423497
+380936888036
+380677725925
+380687731190
+380993469301
+380663744606
+380630531291
+380957947159
+380509401862
+380505520310
+380955219770
+380977703315
+380995335290
+380667644771
+380952566618
+380951398594
+380632065044
+380999142614
+380662201975
+380961618764
+380950152894
+380634014188
+380991150664
+380952428645
+380955196782
+380958341028
+380954190616
+380506184060
+380639378666
+380500219716
380668492232
+380673097004
+380661199539
+380991301716
+380502110889
+380982198770
+380990802204
+380662421106
+380957029624
+380662536014
+380509497649
+380506312282
+380990088618
+380661525011
+380958160032
+380933067986
+380990035269
+380930794829
+380667239714
+380953493578
+380990000000
+380970016665
+380979750324
+380954955429
+380990579046
+380963937242
+380666619625
+380989199963
+380930010203
380960495523
+380990637630
+380992153630
+380680794300
+380671521595
380933496298
+380500413586
+380665900950
380992054401
+380996300777
+380991394462
+380500339345
+380951777825
+380980518514
+380507577773
+380937797037
380637864176
+380950587215
+380680789575
+380954497784
+380999012134
+380976546166
+380500637896
+380985739174
+380500367219
+380666736617
+380635886853
+380994945559
+380506815861
+380950318871
+380989161786
+380975576996
+380955534623
+380633919573
+380999864875
+380994071537
+380501059556
+380997032418
+380668693671
380954622463
+380508472212
+380661434648
+380956046066
+380668392637
+380986654888
+380990185983
+380631060677
+380955127645
+380999189355
+380955484049
+380951952867
+380954995752
+380953155882
+380639714548
+380994449407
+380501485315
+380951846950
+380969972139
+380668840689
+380994268928
+380661981545
+380992639948
+380674534519
+380996535834
+380660449919
+380997123437
+380667526252
+380984461474
+380991257221
+380668855374
+380666204673
+380669572482
+380957990761
+380999248964
+380632186420
+380958684692
380956284748
+380982123894
+380954962751
+380938754483
+380957067401
+380995367698
380990000000
+380992319362
380635707422
+380661491151
+380669814912
+380666909956
+380506325006
+380505910836
+380956236254
+380958078558
+380930068595
+380950071033
+380996039155
+380992650927
+380669151809
+380668325486
+380633051825
+380982711116
+380967013285
+380952478825
+380992489425
+380957527005
+380969399512
+380661324506
+380678800022
+380508708349
+380969069340
+380996699000
+380501394318
+380501601901
+380509728816
+380502131235
+380672990464
+380660397461
+380998106392
+380669726318
+380675702600
+380950228255
+380992586698
+380672700314
+380993552510
+380662269219
+380507461702
+380984532357
+380990333675
+380502654246
+380990658011
+380951057812
+380937451627
+380963588779
+380500215486
+380961515480
+380992034993
+380505261080
+380964196176
+380950578116
380936439798
380666157621
+380661094795
+380992246445
+380952138191
+380635874360
+380970651000
+380951257553
380997759802
+380999808374
+380968224258
+380666476591
+380937087341
+380970801100
+380992306110
+380990171859
+380950581292
+380984494480
380676538960
+380635609216
+380502102367
+380956962934
+380931535529
+380669746266
+380509833184
+380505687623
+380990243418
+380953662037
+380668526564
+380990127992
+380661855387
+380630359437
+380667343348
+380667086076
+380958399894
+380957582245
+380957083064
+38066999++++
+380666633624
+380502199885
+380991375598
+380953328248
+380990441152
+380680317826
+380636999505
+380661575677
+380955678728
380977229033
+380953912134
+380952071757
+380631659741
+380993699521
+380666431889
+380951022550
+380996280259
+380501093327
+380957338801
+380632254008
+380955263542
+380958365575
+380661757037
+380994365036
+380507534273
+380665167755
+380506477101
+380990268847
+380999736556
+380995009683
+380639523090
+380957143848
+380958738360
+380931199789
+380668455819
+380636194018
+380954129735
+380506880039
+380953323067
+380661490896
+380930016609
+380976484220
+380979110824
+380425821458
+380665516622
+380661344023
+380958560815
+380987545310
380935179093
+38096@@@@839
+380667489363
+380972711821
+380663082392
+380989898784
+38050+++++++
+380952418606
+380951919361
+380664624391
+380991866346
+380668160440
+380509109913
+380997759678
+380637110547
+380935265305
+380955505318
+380989481326
+380662772178
+380660769746
380506230379
+380637585477
+380958070353
380633561148
380983924690
+380992880324
+380990531137
+380996726910
+380502340013
+380958099325
+380662045527
+380992457803
+380999747010
+380972310922
+380936560332
+380990646581
+380954302968
+380993273066
+380669393269
+380630712221
+380508821716
+38068@@@@@@@
+380509133961
+380956992039
+380986591215
+380952206970
+380999815579
+380965672649
+380969330652
+380661508446
+380950393529
+38о87554733
+380950144675
+380954099945
+380991772230
+380508151264
+380956324474
380951629470
+380958810885
380953227845
+380930037423
+380636180419
+380993617328
+380669604927
+380501558389
+380508728400
+380962109236
+380505304649
+380992783430
+380953137447
+380959379992
+380577511410
+380955077721
+380500424597
+380506555444
+380993943138
+380997086335
+380509156459
+380661065019
+380964216959
+380979448064
+380964031154
+380951870588
+380990310136
+380669974694
+380957156837
+380665992503
+380505325221
+380959293435
+380994633626
+380509923321
+380669550404
+380938594519
+380999247858
+380990345491
+380939816689
+380996492785
380984892927
+380638911517
+380977784584
+380634128997
+380955238905
+380638971920
+380633661275
380509688041
+380630515802
+380668786838
380678547926
+380958555755
+380631620418
+380631561852
+380664460580
+380997176127
+380936666969
+380999044550
+380932908386
+380664431929
+380968866873
+380954829974
+380664269244
+380508638370
+380663383563
+380633890025
+380636027728
+380662005237
+380500476490
380958762821
+380951305606
+380668687574
+380994759489
+380977911969
+380501985672
+380994509956
+380973464107
+380994091086
+380639995425
+380660087839
+380506916777
+380951507970
+380668440726
380635707807
+380990699364
+380662165732
+380509834355
+380507595415
+380954571441
+380506708214
+380993055054
+380978968498
+380994016280
+380506632666
+380958339034
+380993841985
+380961846682
+380936691922
+380930807305
+380985358759
+380631130509
+380958548556
+380994947542
+380504730388
+380509272606
+380500302781
+380982862836
+380953482183
+380633727458
+380506737164
+380638748264
+380999374065
+380993753841
+380930678431
+380663540143
+380982105844
+380954215985
+380939848272
+380509364290
+380990468814
+380506454089
+380997049114
+380665007761
+380507360236
+380995260155
+380951489626
+380636452851
+380669043574
+380957905079
+380506426314
+380502042390
+380506608503
+380501983215
+380990406968
+380992613688
+380634217666
+380505180574
+380502322242
+380666102881
+380999133144
+380669935501
+380999595375
+380939963428
+380634847292
+380965041254
+380973001108
+380634757655
+380952271516
+380665077701
+380955113507
+380987860856
+380664614022
+380636211119
+380500650709
380969046272
+380984541715
+380669871903
+380508095244
+380961087860
+380952220480
+380506444038
+380959377684
+380960932687
+380661819248
+380665461130
+380663968035
+380639985655
+380980738817
+380957246625
+380664071690
+380978718455
380931726337
+380971340438
+380952173814
+380633659465
+380665078606
+380662854974
+380990796067
380934214583
+380956391526
+380665426272
+380968384450
+380664375332
+380508049602
+380951926252
+380997651388
+380500383742
+380951879404
+380668439212
+380992364672
+380664276745
+380509378462
+380668859478
380505480631
+380505017869
+380955029703
+380997795971
+380502885211
+380937882254
+380957367402
+380506400876
380996880126
+380991200061
+380500666616
+380631026315
+380935452107
+380660106009
+380994742186
+380950251833
+380635914604
+380508556657
+380997013517
+380956519224
+380951045325
+38050150++++
+380676286369
+380679435530
+380505918891
+380951171691
+380502368874
+380664104212
+380663043864
+380958329225
+380999343675
+380932341137
+380505681680
+380660671978
+380680690969
+380938603046
+380997915262
+380668278675
+380668161433
+380686062068
+380950025008
+380669352473
+380964499233
+380507662095
+380991604458
+380990397029
+380502543065
+380666174737
+380952159365
+380986471724
+380677981946
+380505305085
+380630443789
+380664394990
+380507421809
+380983121312
+380500550064
+380505035243
+380506701485
+380999832750
+380674858522
+380937104099
+380997943005
+380663784240
+380930080146
+380681924930
+380632080636
+380990274683
+380633632146
+380660854959
+380668423380
+380501011338
+380674229718
+380502506791
+380994033778
+3806645738UA
+380958720225
+380664732698
+380633852685
+380987660003
+380952575992
+380962200197
+380951379854
+380663845050
+380631399467
+380934558337
+380957641676
+380634613457
+380990398745
+380502910290
+380667098528
+380952254246
+380956084961
+380662258237
+380509379992
+380939436627
+380937201511
+380951606461
+380936409131
+380955836066
+380968026201
+380930240833
+380955505102
+380966749039
+380668569678
+380502244384
+380977274794
+380977084681
+380509367259
+380954152259
+380509198279
+380680655925
+380506863680
+380955591986
+380937792735
+380631042145
+380669747339
+380676118661
+380508537204
+380938246502
+380935243217
+380975646557
+380674914683
+380959379992
+380953157572
+380999670141
+380509676334
+380953365115
+380939583168
+380637433488
+380991818858
+380660979119
+380997523378
+380952394175
+380660389662
+380951377244
+380951652066
+380508032881
+380976971852
+380954796033
+380974401968
+380951004334
+380996502891
+380958030865
+380958834327
+380991252003
+380951343980
+380509411497
+380979491048
+380506141244
+380500556885
+380660722763
+380954587831
+380501397704
+380992483375
+380934062763
+380978956930
+380506443313
+380682721781
+380994071521
+380956520888
+380994673408
+380505800665
+380509756391
+380993596377
+380999780594
+380671330300
+380668922379
+380639369545
+380913333350
+380952888288
+380636499950
+380996060618
+380505290467
+380980101810
+380997879116
+380636888116
+380965827593
+380630673991
+380501023191
+380955263903
+380500529787
+380982351816
+380992675961
+380937352398
+380970740263
+380951733020
+380956037620
+380956022505
+380508185445
+380951310720
+380662745768
380939641740
+380660674224
+380509726868
+380503604828
+380938748900
+380930676071
+380999395039
+380999804839
+380509797754
+380664165191
+380505436461
+380937417016
+380668189563
+380963383368
+380501600199
+380500644255
+380939885640
+380508257920
+380500645137
+380664903173
+380977078360
+380508446050
+380923028629
+380678854444
+380660463768
+380934408977
+380990445641
+380676071532
+380935740060
+380661768000
+380999662289
+380500476192
+380967675796
+380935219647
+380967306725
+380664386000
+380992789872
+380997797946
+380660877542
+380504444444
380672584554
+380991538545
+380960571844
+380505065945
+380991383671
+380936910405
+380507112776
+380636916444
+380502124186
+380509317308
+380507352717
+380951648204
+380636521689
+380950019124
+380993769334
+380999999999
+380975184243
+380984499378
+380957880169
+380957522852
+380984582306
+380954980437
+380997922630
+380665770505
+380951228250
+380676956447
+380951289498
+380667888751
+380500643357
+380980000000
+380913061626
+380957007491
+380505793772
+380994750389
+380935595515
+380506812117
+380638292874
+380675075131
+380509998256
+380994908930
+380632806416
+380635671032
+380665140338
+380937721372
+380506812870
+380930256444
+380999058112
+380660901332
+380994551438
+380993456517
+380938713146
+380664640900
+380932397359
+380509332033
+380669831851
+380958883161
+380992374717
+380936502466
+380990536112
+380959090565
+380933596074
+380509440975
+38063XXXXXXX
+380951974139
+380688860075
+380507367454
+380505007809
+380976565952
+380950558752
+380638270317
+380666363844
+380633017777
+380505061117
+380665397324
